indicator_id,section,indicator,breakdown,province_code,province,period,period_type,value,unit,period_status,source_id,source_url,geography_version
e0535_c9b3c38247,enterprises,Average compensation per month of employees in active enterprises having business outcomes by province,Total,VN_SRC_HANOI,Ha Noi,2010,annual,4944.0,Thousand VND,not_specified,E0535,https://www.nso.gov.vn/en/px-web?pxid=E0535&theme=Enterprise,source_reported_unharmonized
e0535_c9b3c38247,enterprises,Average compensation per month of employees in active enterprises having business outcomes by province,Total,VN_SRC_HANOI,Ha Noi,2015,annual,7965.0,Thousand VND,not_specified,E0535,https://www.nso.gov.vn/en/px-web?pxid=E0535&theme=Enterprise,source_reported_unharmonized
e0535_c9b3c38247,enterprises,Average compensation per month of employees in active enterprises having business outcomes by province,Total,VN_SRC_HANOI,Ha Noi,2016,annual,7879.0,Thousand VND,not_specified,E0535,https://www.nso.gov.vn/en/px-web?pxid=E0535&theme=Enterprise,source_reported_unharmonized
e0535_c9b3c38247,enterprises,Average compensation per month of employees in active enterprises having business outcomes by province,Total,VN_SRC_HANOI,Ha Noi,2017,annual,9192.0,Thousand VND,not_specified,E0535,https://www.nso.gov.vn/en/px-web?pxid=E0535&theme=Enterprise,source_reported_unharmonized
e0535_c9b3c38247,enterprises,Average compensation per month of employees in active enterprises having business outcomes by province,Total,VN_SRC_HANOI,Ha Noi,2018,annual,10111.14,Thousand VND,not_specified,E0535,https://www.nso.gov.vn/en/px-web?pxid=E0535&theme=Enterprise,source_reported_unharmonized
e0535_c9b3c38247,enterprises,Average compensation per month of employees in active enterprises having business outcomes by province,Total,VN_SRC_HANOI,Ha Noi,2019,annual,10461.59,Thousand VND,not_specified,E0535,https://www.nso.gov.vn/en/px-web?pxid=E0535&theme=Enterprise,source_reported_unharmonized
e0535_c9b3c38247,enterprises,Average compensation per month of employees in active enterprises having business outcomes by province,Total,VN_SRC_HANOI,Ha Noi,2020,annual,10229.5,Thousand VND,not_specified,E0535,https://www.nso.gov.vn/en/px-web?pxid=E0535&theme=Enterprise,source_reported_unharmonized
e0535_c9b3c38247,enterprises,Average compensation per month of employees in active enterprises having business outcomes by province,Total,VN_SRC_HANOI,Ha Noi,2021,annual,11449.85,Thousand VND,not_specified,E0535,https://www.nso.gov.vn/en/px-web?pxid=E0535&theme=Enterprise,source_reported_unharmonized
e0535_c9b3c38247,enterprises,Average compensation per month of employees in active enterprises having business outcomes by province,Total,VN_SRC_HANOI,Ha Noi,2022,annual,12824.69,Thousand VND,not_specified,E0535,https://www.nso.gov.vn/en/px-web?pxid=E0535&theme=Enterprise,source_reported_unharmonized
e0535_c9b3c38247,enterprises,Average compensation per month of employees in active enterprises having business outcomes by province,Total,VN_SRC_HANOI,Ha Noi,2023,annual,12816.78,Thousand VND,not_specified,E0535,https://www.nso.gov.vn/en/px-web?pxid=E0535&theme=Enterprise,source_reported_unharmonized
e0535_c9b3c38247,enterprises,Average compensation per month of employees in active enterprises having business outcomes by province,Total,VN_SRC_HANOI,Ha Noi,2024,annual,13712.71,Thousand VND,not_specified,E0535,https://www.nso.gov.vn/en/px-web?pxid=E0535&theme=Enterprise,source_reported_unharmonized
e0535_c9b3c38247,enterprises,Average compensation per month of employees in active enterprises having business outcomes by province,Total,VN_SRC_VINHPHUC,Vinh Phuc,2010,annual,3076.0,Thousand VND,not_specified,E0535,https://www.nso.gov.vn/en/px-web?pxid=E0535&theme=Enterprise,source_reported_unharmonized
e0535_c9b3c38247,enterprises,Average compensation per month of employees in active enterprises having business outcomes by province,Total,VN_SRC_VINHPHUC,Vinh Phuc,2015,annual,5739.0,Thousand VND,not_specified,E0535,https://www.nso.gov.vn/en/px-web?pxid=E0535&theme=Enterprise,source_reported_unharmonized
e0535_c9b3c38247,enterprises,Average compensation per month of employees in active enterprises having business outcomes by province,Total,VN_SRC_VINHPHUC,Vinh Phuc,2016,annual,6706.0,Thousand VND,not_specified,E0535,https://www.nso.gov.vn/en/px-web?pxid=E0535&theme=Enterprise,source_reported_unharmonized
e0535_c9b3c38247,enterprises,Average compensation per month of employees in active enterprises having business outcomes by province,Total,VN_SRC_VINHPHUC,Vinh Phuc,2017,annual,7817.0,Thousand VND,not_specified,E0535,https://www.nso.gov.vn/en/px-web?pxid=E0535&theme=Enterprise,source_reported_unharmonized
e0535_c9b3c38247,enterprises,Average compensation per month of employees in active enterprises having business outcomes by province,Total,VN_SRC_VINHPHUC,Vinh Phuc,2018,annual,8462.58,Thousand VND,not_specified,E0535,https://www.nso.gov.vn/en/px-web?pxid=E0535&theme=Enterprise,source_reported_unharmonized
e0535_c9b3c38247,enterprises,Average compensation per month of employees in active enterprises having business outcomes by province,Total,VN_SRC_VINHPHUC,Vinh Phuc,2019,annual,8836.27,Thousand VND,not_specified,E0535,https://www.nso.gov.vn/en/px-web?pxid=E0535&theme=Enterprise,source_reported_unharmonized
e0535_c9b3c38247,enterprises,Average compensation per month of employees in active enterprises having business outcomes by province,Total,VN_SRC_VINHPHUC,Vinh Phuc,2020,annual,9016.15,Thousand VND,not_specified,E0535,https://www.nso.gov.vn/en/px-web?pxid=E0535&theme=Enterprise,source_reported_unharmonized
e0535_c9b3c38247,enterprises,Average compensation per month of employees in active enterprises having business outcomes by province,Total,VN_SRC_VINHPHUC,Vinh Phuc,2021,annual,9788.79,Thousand VND,not_specified,E0535,https://www.nso.gov.vn/en/px-web?pxid=E0535&theme=Enterprise,source_reported_unharmonized
e0535_c9b3c38247,enterprises,Average compensation per month of employees in active enterprises having business outcomes by province,Total,VN_SRC_VINHPHUC,Vinh Phuc,2022,annual,10528.02,Thousand VND,not_specified,E0535,https://www.nso.gov.vn/en/px-web?pxid=E0535&theme=Enterprise,source_reported_unharmonized
e0535_c9b3c38247,enterprises,Average compensation per month of employees in active enterprises having business outcomes by province,Total,VN_SRC_VINHPHUC,Vinh Phuc,2023,annual,10429.04,Thousand VND,not_specified,E0535,https://www.nso.gov.vn/en/px-web?pxid=E0535&theme=Enterprise,source_reported_unharmonized
e0535_c9b3c38247,enterprises,Average compensation per month of employees in active enterprises having business outcomes by province,Total,VN_SRC_VINHPHUC,Vinh Phuc,2024,annual,11397.81,Thousand VND,not_specified,E0535,https://www.nso.gov.vn/en/px-web?pxid=E0535&theme=Enterprise,source_reported_unharmonized
e0535_c9b3c38247,enterprises,Average compensation per month of employees in active enterprises having business outcomes by province,Total,VN_SRC_BACNINH,Bac Ninh,2010,annual,3016.0,Thousand VND,not_specified,E0535,https://www.nso.gov.vn/en/px-web?pxid=E0535&theme=Enterprise,source_reported_unharmonized
e0535_c9b3c38247,enterprises,Average compensation per month of employees in active enterprises having business outcomes by province,Total,VN_SRC_BACNINH,Bac Ninh,2015,annual,7807.0,Thousand VND,not_specified,E0535,https://www.nso.gov.vn/en/px-web?pxid=E0535&theme=Enterprise,source_reported_unharmonized
e0535_c9b3c38247,enterprises,Average compensation per month of employees in active enterprises having business outcomes by province,Total,VN_SRC_BACNINH,Bac Ninh,2016,annual,8305.0,Thousand VND,not_specified,E0535,https://www.nso.gov.vn/en/px-web?pxid=E0535&theme=Enterprise,source_reported_unharmonized
e0535_c9b3c38247,enterprises,Average compensation per month of employees in active enterprises having business outcomes by province,Total,VN_SRC_BACNINH,Bac Ninh,2017,annual,8982.0,Thousand VND,not_specified,E0535,https://www.nso.gov.vn/en/px-web?pxid=E0535&theme=Enterprise,source_reported_unharmonized
e0535_c9b3c38247,enterprises,Average compensation per month of employees in active enterprises having business outcomes by province,Total,VN_SRC_BACNINH,Bac Ninh,2018,annual,9456.01,Thousand VND,not_specified,E0535,https://www.nso.gov.vn/en/px-web?pxid=E0535&theme=Enterprise,source_reported_unharmonized
e0535_c9b3c38247,enterprises,Average compensation per month of employees in active enterprises having business outcomes by province,Total,VN_SRC_BACNINH,Bac Ninh,2019,annual,9972.74,Thousand VND,not_specified,E0535,https://www.nso.gov.vn/en/px-web?pxid=E0535&theme=Enterprise,source_reported_unharmonized
e0535_c9b3c38247,enterprises,Average compensation per month of employees in active enterprises having business outcomes by province,Total,VN_SRC_BACNINH,Bac Ninh,2020,annual,10542.04,Thousand VND,not_specified,E0535,https://www.nso.gov.vn/en/px-web?pxid=E0535&theme=Enterprise,source_reported_unharmonized
e0535_c9b3c38247,enterprises,Average compensation per month of employees in active enterprises having business outcomes by province,Total,VN_SRC_BACNINH,Bac Ninh,2021,annual,11165.96,Thousand VND,not_specified,E0535,https://www.nso.gov.vn/en/px-web?pxid=E0535&theme=Enterprise,source_reported_unharmonized
e0535_c9b3c38247,enterprises,Average compensation per month of employees in active enterprises having business outcomes by province,Total,VN_SRC_BACNINH,Bac Ninh,2022,annual,11840.22,Thousand VND,not_specified,E0535,https://www.nso.gov.vn/en/px-web?pxid=E0535&theme=Enterprise,source_reported_unharmonized
e0535_c9b3c38247,enterprises,Average compensation per month of employees in active enterprises having business outcomes by province,Total,VN_SRC_BACNINH,Bac Ninh,2023,annual,12446.12,Thousand VND,not_specified,E0535,https://www.nso.gov.vn/en/px-web?pxid=E0535&theme=Enterprise,source_reported_unharmonized
e0535_c9b3c38247,enterprises,Average compensation per month of employees in active enterprises having business outcomes by province,Total,VN_SRC_BACNINH,Bac Ninh,2024,annual,13020.82,Thousand VND,not_specified,E0535,https://www.nso.gov.vn/en/px-web?pxid=E0535&theme=Enterprise,source_reported_unharmonized
e0535_c9b3c38247,enterprises,Average compensation per month of employees in active enterprises having business outcomes by province,Total,VN_SRC_QUANGNINH,Quang Ninh,2010,annual,6108.0,Thousand VND,not_specified,E0535,https://www.nso.gov.vn/en/px-web?pxid=E0535&theme=Enterprise,source_reported_unharmonized
e0535_c9b3c38247,enterprises,Average compensation per month of employees in active enterprises having business outcomes by province,Total,VN_SRC_QUANGNINH,Quang Ninh,2015,annual,7852.0,Thousand VND,not_specified,E0535,https://www.nso.gov.vn/en/px-web?pxid=E0535&theme=Enterprise,source_reported_unharmonized
e0535_c9b3c38247,enterprises,Average compensation per month of employees in active enterprises having business outcomes by province,Total,VN_SRC_QUANGNINH,Quang Ninh,2016,annual,7894.0,Thousand VND,not_specified,E0535,https://www.nso.gov.vn/en/px-web?pxid=E0535&theme=Enterprise,source_reported_unharmonized
e0535_c9b3c38247,enterprises,Average compensation per month of employees in active enterprises having business outcomes by province,Total,VN_SRC_QUANGNINH,Quang Ninh,2017,annual,8293.0,Thousand VND,not_specified,E0535,https://www.nso.gov.vn/en/px-web?pxid=E0535&theme=Enterprise,source_reported_unharmonized
e0535_c9b3c38247,enterprises,Average compensation per month of employees in active enterprises having business outcomes by province,Total,VN_SRC_QUANGNINH,Quang Ninh,2018,annual,9499.22,Thousand VND,not_specified,E0535,https://www.nso.gov.vn/en/px-web?pxid=E0535&theme=Enterprise,source_reported_unharmonized
e0535_c9b3c38247,enterprises,Average compensation per month of employees in active enterprises having business outcomes by province,Total,VN_SRC_QUANGNINH,Quang Ninh,2019,annual,10091.02,Thousand VND,not_specified,E0535,https://www.nso.gov.vn/en/px-web?pxid=E0535&theme=Enterprise,source_reported_unharmonized
e0535_c9b3c38247,enterprises,Average compensation per month of employees in active enterprises having business outcomes by province,Total,VN_SRC_QUANGNINH,Quang Ninh,2020,annual,10265.07,Thousand VND,not_specified,E0535,https://www.nso.gov.vn/en/px-web?pxid=E0535&theme=Enterprise,source_reported_unharmonized
e0535_c9b3c38247,enterprises,Average compensation per month of employees in active enterprises having business outcomes by province,Total,VN_SRC_QUANGNINH,Quang Ninh,2021,annual,11128.54,Thousand VND,not_specified,E0535,https://www.nso.gov.vn/en/px-web?pxid=E0535&theme=Enterprise,source_reported_unharmonized
e0535_c9b3c38247,enterprises,Average compensation per month of employees in active enterprises having business outcomes by province,Total,VN_SRC_QUANGNINH,Quang Ninh,2022,annual,12469.29,Thousand VND,not_specified,E0535,https://www.nso.gov.vn/en/px-web?pxid=E0535&theme=Enterprise,source_reported_unharmonized
e0535_c9b3c38247,enterprises,Average compensation per month of employees in active enterprises having business outcomes by province,Total,VN_SRC_QUANGNINH,Quang Ninh,2023,annual,13014.95,Thousand VND,not_specified,E0535,https://www.nso.gov.vn/en/px-web?pxid=E0535&theme=Enterprise,source_reported_unharmonized
e0535_c9b3c38247,enterprises,Average compensation per month of employees in active enterprises having business outcomes by province,Total,VN_SRC_QUANGNINH,Quang Ninh,2024,annual,13385.05,Thousand VND,not_specified,E0535,https://www.nso.gov.vn/en/px-web?pxid=E0535&theme=Enterprise,source_reported_unharmonized
e0535_c9b3c38247,enterprises,Average compensation per month of employees in active enterprises having business outcomes by province,Total,VN_SRC_HAIDUONG,Hai Duong,2010,annual,2968.0,Thousand VND,not_specified,E0535,https://www.nso.gov.vn/en/px-web?pxid=E0535&theme=Enterprise,source_reported_unharmonized
e0535_c9b3c38247,enterprises,Average compensation per month of employees in active enterprises having business outcomes by province,Total,VN_SRC_HAIDUONG,Hai Duong,2015,annual,5985.0,Thousand VND,not_specified,E0535,https://www.nso.gov.vn/en/px-web?pxid=E0535&theme=Enterprise,source_reported_unharmonized
e0535_c9b3c38247,enterprises,Average compensation per month of employees in active enterprises having business outcomes by province,Total,VN_SRC_HAIDUONG,Hai Duong,2016,annual,6714.0,Thousand VND,not_specified,E0535,https://www.nso.gov.vn/en/px-web?pxid=E0535&theme=Enterprise,source_reported_unharmonized
e0535_c9b3c38247,enterprises,Average compensation per month of employees in active enterprises having business outcomes by province,Total,VN_SRC_HAIDUONG,Hai Duong,2017,annual,6944.0,Thousand VND,not_specified,E0535,https://www.nso.gov.vn/en/px-web?pxid=E0535&theme=Enterprise,source_reported_unharmonized
e0535_c9b3c38247,enterprises,Average compensation per month of employees in active enterprises having business outcomes by province,Total,VN_SRC_HAIDUONG,Hai Duong,2018,annual,7595.96,Thousand VND,not_specified,E0535,https://www.nso.gov.vn/en/px-web?pxid=E0535&theme=Enterprise,source_reported_unharmonized
e0535_c9b3c38247,enterprises,Average compensation per month of employees in active enterprises having business outcomes by province,Total,VN_SRC_HAIDUONG,Hai Duong,2019,annual,8375.21,Thousand VND,not_specified,E0535,https://www.nso.gov.vn/en/px-web?pxid=E0535&theme=Enterprise,source_reported_unharmonized
e0535_c9b3c38247,enterprises,Average compensation per month of employees in active enterprises having business outcomes by province,Total,VN_SRC_HAIDUONG,Hai Duong,2020,annual,8202.94,Thousand VND,not_specified,E0535,https://www.nso.gov.vn/en/px-web?pxid=E0535&theme=Enterprise,source_reported_unharmonized
e0535_c9b3c38247,enterprises,Average compensation per month of employees in active enterprises having business outcomes by province,Total,VN_SRC_HAIDUONG,Hai Duong,2021,annual,9193.85,Thousand VND,not_specified,E0535,https://www.nso.gov.vn/en/px-web?pxid=E0535&theme=Enterprise,source_reported_unharmonized
e0535_c9b3c38247,enterprises,Average compensation per month of employees in active enterprises having business outcomes by province,Total,VN_SRC_HAIDUONG,Hai Duong,2022,annual,9602.3,Thousand VND,not_specified,E0535,https://www.nso.gov.vn/en/px-web?pxid=E0535&theme=Enterprise,source_reported_unharmonized
e0535_c9b3c38247,enterprises,Average compensation per month of employees in active enterprises having business outcomes by province,Total,VN_SRC_HAIDUONG,Hai Duong,2023,annual,9754.94,Thousand VND,not_specified,E0535,https://www.nso.gov.vn/en/px-web?pxid=E0535&theme=Enterprise,source_reported_unharmonized
e0535_c9b3c38247,enterprises,Average compensation per month of employees in active enterprises having business outcomes by province,Total,VN_SRC_HAIDUONG,Hai Duong,2024,annual,10664.43,Thousand VND,not_specified,E0535,https://www.nso.gov.vn/en/px-web?pxid=E0535&theme=Enterprise,source_reported_unharmonized
e0535_c9b3c38247,enterprises,Average compensation per month of employees in active enterprises having business outcomes by province,Total,VN_SRC_HAIPHONG,Hai Phong,2010,annual,3151.0,Thousand VND,not_specified,E0535,https://www.nso.gov.vn/en/px-web?pxid=E0535&theme=Enterprise,source_reported_unharmonized
e0535_c9b3c38247,enterprises,Average compensation per month of employees in active enterprises having business outcomes by province,Total,VN_SRC_HAIPHONG,Hai Phong,2015,annual,6329.0,Thousand VND,not_specified,E0535,https://www.nso.gov.vn/en/px-web?pxid=E0535&theme=Enterprise,source_reported_unharmonized
e0535_c9b3c38247,enterprises,Average compensation per month of employees in active enterprises having business outcomes by province,Total,VN_SRC_HAIPHONG,Hai Phong,2016,annual,6853.0,Thousand VND,not_specified,E0535,https://www.nso.gov.vn/en/px-web?pxid=E0535&theme=Enterprise,source_reported_unharmonized
e0535_c9b3c38247,enterprises,Average compensation per month of employees in active enterprises having business outcomes by province,Total,VN_SRC_HAIPHONG,Hai Phong,2017,annual,7037.0,Thousand VND,not_specified,E0535,https://www.nso.gov.vn/en/px-web?pxid=E0535&theme=Enterprise,source_reported_unharmonized
e0535_c9b3c38247,enterprises,Average compensation per month of employees in active enterprises having business outcomes by province,Total,VN_SRC_HAIPHONG,Hai Phong,2018,annual,8181.1,Thousand VND,not_specified,E0535,https://www.nso.gov.vn/en/px-web?pxid=E0535&theme=Enterprise,source_reported_unharmonized
e0535_c9b3c38247,enterprises,Average compensation per month of employees in active enterprises having business outcomes by province,Total,VN_SRC_HAIPHONG,Hai Phong,2019,annual,8198.53,Thousand VND,not_specified,E0535,https://www.nso.gov.vn/en/px-web?pxid=E0535&theme=Enterprise,source_reported_unharmonized
e0535_c9b3c38247,enterprises,Average compensation per month of employees in active enterprises having business outcomes by province,Total,VN_SRC_HAIPHONG,Hai Phong,2020,annual,9213.51,Thousand VND,not_specified,E0535,https://www.nso.gov.vn/en/px-web?pxid=E0535&theme=Enterprise,source_reported_unharmonized
e0535_c9b3c38247,enterprises,Average compensation per month of employees in active enterprises having business outcomes by province,Total,VN_SRC_HAIPHONG,Hai Phong,2021,annual,10621.45,Thousand VND,not_specified,E0535,https://www.nso.gov.vn/en/px-web?pxid=E0535&theme=Enterprise,source_reported_unharmonized
e0535_c9b3c38247,enterprises,Average compensation per month of employees in active enterprises having business outcomes by province,Total,VN_SRC_HAIPHONG,Hai Phong,2022,annual,11674.39,Thousand VND,not_specified,E0535,https://www.nso.gov.vn/en/px-web?pxid=E0535&theme=Enterprise,source_reported_unharmonized
e0535_c9b3c38247,enterprises,Average compensation per month of employees in active enterprises having business outcomes by province,Total,VN_SRC_HAIPHONG,Hai Phong,2023,annual,12233.35,Thousand VND,not_specified,E0535,https://www.nso.gov.vn/en/px-web?pxid=E0535&theme=Enterprise,source_reported_unharmonized
e0535_c9b3c38247,enterprises,Average compensation per month of employees in active enterprises having business outcomes by province,Total,VN_SRC_HAIPHONG,Hai Phong,2024,annual,12838.23,Thousand VND,not_specified,E0535,https://www.nso.gov.vn/en/px-web?pxid=E0535&theme=Enterprise,source_reported_unharmonized
e0535_c9b3c38247,enterprises,Average compensation per month of employees in active enterprises having business outcomes by province,Total,VN_SRC_HUNGYEN,Hung Yen,2010,annual,2984.0,Thousand VND,not_specified,E0535,https://www.nso.gov.vn/en/px-web?pxid=E0535&theme=Enterprise,source_reported_unharmonized
e0535_c9b3c38247,enterprises,Average compensation per month of employees in active enterprises having business outcomes by province,Total,VN_SRC_HUNGYEN,Hung Yen,2015,annual,6150.0,Thousand VND,not_specified,E0535,https://www.nso.gov.vn/en/px-web?pxid=E0535&theme=Enterprise,source_reported_unharmonized
e0535_c9b3c38247,enterprises,Average compensation per month of employees in active enterprises having business outcomes by province,Total,VN_SRC_HUNGYEN,Hung Yen,2016,annual,6445.0,Thousand VND,not_specified,E0535,https://www.nso.gov.vn/en/px-web?pxid=E0535&theme=Enterprise,source_reported_unharmonized
e0535_c9b3c38247,enterprises,Average compensation per month of employees in active enterprises having business outcomes by province,Total,VN_SRC_HUNGYEN,Hung Yen,2017,annual,7603.0,Thousand VND,not_specified,E0535,https://www.nso.gov.vn/en/px-web?pxid=E0535&theme=Enterprise,source_reported_unharmonized
e0535_c9b3c38247,enterprises,Average compensation per month of employees in active enterprises having business outcomes by province,Total,VN_SRC_HUNGYEN,Hung Yen,2018,annual,8155.07,Thousand VND,not_specified,E0535,https://www.nso.gov.vn/en/px-web?pxid=E0535&theme=Enterprise,source_reported_unharmonized
e0535_c9b3c38247,enterprises,Average compensation per month of employees in active enterprises having business outcomes by province,Total,VN_SRC_HUNGYEN,Hung Yen,2019,annual,8202.07,Thousand VND,not_specified,E0535,https://www.nso.gov.vn/en/px-web?pxid=E0535&theme=Enterprise,source_reported_unharmonized
e0535_c9b3c38247,enterprises,Average compensation per month of employees in active enterprises having business outcomes by province,Total,VN_SRC_HUNGYEN,Hung Yen,2020,annual,8736.25,Thousand VND,not_specified,E0535,https://www.nso.gov.vn/en/px-web?pxid=E0535&theme=Enterprise,source_reported_unharmonized
e0535_c9b3c38247,enterprises,Average compensation per month of employees in active enterprises having business outcomes by province,Total,VN_SRC_HUNGYEN,Hung Yen,2021,annual,10122.99,Thousand VND,not_specified,E0535,https://www.nso.gov.vn/en/px-web?pxid=E0535&theme=Enterprise,source_reported_unharmonized
e0535_c9b3c38247,enterprises,Average compensation per month of employees in active enterprises having business outcomes by province,Total,VN_SRC_HUNGYEN,Hung Yen,2022,annual,10985.37,Thousand VND,not_specified,E0535,https://www.nso.gov.vn/en/px-web?pxid=E0535&theme=Enterprise,source_reported_unharmonized
e0535_c9b3c38247,enterprises,Average compensation per month of employees in active enterprises having business outcomes by province,Total,VN_SRC_HUNGYEN,Hung Yen,2023,annual,10704.96,Thousand VND,not_specified,E0535,https://www.nso.gov.vn/en/px-web?pxid=E0535&theme=Enterprise,source_reported_unharmonized
e0535_c9b3c38247,enterprises,Average compensation per month of employees in active enterprises having business outcomes by province,Total,VN_SRC_HUNGYEN,Hung Yen,2024,annual,12404.78,Thousand VND,not_specified,E0535,https://www.nso.gov.vn/en/px-web?pxid=E0535&theme=Enterprise,source_reported_unharmonized
e0535_c9b3c38247,enterprises,Average compensation per month of employees in active enterprises having business outcomes by province,Total,VN_SRC_THAIBINH,Thai Binh,2010,annual,2302.0,Thousand VND,not_specified,E0535,https://www.nso.gov.vn/en/px-web?pxid=E0535&theme=Enterprise,source_reported_unharmonized
e0535_c9b3c38247,enterprises,Average compensation per month of employees in active enterprises having business outcomes by province,Total,VN_SRC_THAIBINH,Thai Binh,2015,annual,4311.0,Thousand VND,not_specified,E0535,https://www.nso.gov.vn/en/px-web?pxid=E0535&theme=Enterprise,source_reported_unharmonized
e0535_c9b3c38247,enterprises,Average compensation per month of employees in active enterprises having business outcomes by province,Total,VN_SRC_THAIBINH,Thai Binh,2016,annual,4646.0,Thousand VND,not_specified,E0535,https://www.nso.gov.vn/en/px-web?pxid=E0535&theme=Enterprise,source_reported_unharmonized
e0535_c9b3c38247,enterprises,Average compensation per month of employees in active enterprises having business outcomes by province,Total,VN_SRC_THAIBINH,Thai Binh,2017,annual,5112.0,Thousand VND,not_specified,E0535,https://www.nso.gov.vn/en/px-web?pxid=E0535&theme=Enterprise,source_reported_unharmonized
e0535_c9b3c38247,enterprises,Average compensation per month of employees in active enterprises having business outcomes by province,Total,VN_SRC_THAIBINH,Thai Binh,2018,annual,5913.47,Thousand VND,not_specified,E0535,https://www.nso.gov.vn/en/px-web?pxid=E0535&theme=Enterprise,source_reported_unharmonized
e0535_c9b3c38247,enterprises,Average compensation per month of employees in active enterprises having business outcomes by province,Total,VN_SRC_THAIBINH,Thai Binh,2019,annual,6012.08,Thousand VND,not_specified,E0535,https://www.nso.gov.vn/en/px-web?pxid=E0535&theme=Enterprise,source_reported_unharmonized
e0535_c9b3c38247,enterprises,Average compensation per month of employees in active enterprises having business outcomes by province,Total,VN_SRC_THAIBINH,Thai Binh,2020,annual,6241.24,Thousand VND,not_specified,E0535,https://www.nso.gov.vn/en/px-web?pxid=E0535&theme=Enterprise,source_reported_unharmonized
e0535_c9b3c38247,enterprises,Average compensation per month of employees in active enterprises having business outcomes by province,Total,VN_SRC_THAIBINH,Thai Binh,2021,annual,7203.78,Thousand VND,not_specified,E0535,https://www.nso.gov.vn/en/px-web?pxid=E0535&theme=Enterprise,source_reported_unharmonized
e0535_c9b3c38247,enterprises,Average compensation per month of employees in active enterprises having business outcomes by province,Total,VN_SRC_THAIBINH,Thai Binh,2022,annual,7490.76,Thousand VND,not_specified,E0535,https://www.nso.gov.vn/en/px-web?pxid=E0535&theme=Enterprise,source_reported_unharmonized
e0535_c9b3c38247,enterprises,Average compensation per month of employees in active enterprises having business outcomes by province,Total,VN_SRC_THAIBINH,Thai Binh,2023,annual,7537.81,Thousand VND,not_specified,E0535,https://www.nso.gov.vn/en/px-web?pxid=E0535&theme=Enterprise,source_reported_unharmonized
e0535_c9b3c38247,enterprises,Average compensation per month of employees in active enterprises having business outcomes by province,Total,VN_SRC_THAIBINH,Thai Binh,2024,annual,8314.61,Thousand VND,not_specified,E0535,https://www.nso.gov.vn/en/px-web?pxid=E0535&theme=Enterprise,source_reported_unharmonized
e0535_c9b3c38247,enterprises,Average compensation per month of employees in active enterprises having business outcomes by province,Total,VN_SRC_HANAM,Ha Nam,2010,annual,2720.0,Thousand VND,not_specified,E0535,https://www.nso.gov.vn/en/px-web?pxid=E0535&theme=Enterprise,source_reported_unharmonized
e0535_c9b3c38247,enterprises,Average compensation per month of employees in active enterprises having business outcomes by province,Total,VN_SRC_HANAM,Ha Nam,2015,annual,5439.0,Thousand VND,not_specified,E0535,https://www.nso.gov.vn/en/px-web?pxid=E0535&theme=Enterprise,source_reported_unharmonized
e0535_c9b3c38247,enterprises,Average compensation per month of employees in active enterprises having business outcomes by province,Total,VN_SRC_HANAM,Ha Nam,2016,annual,6219.0,Thousand VND,not_specified,E0535,https://www.nso.gov.vn/en/px-web?pxid=E0535&theme=Enterprise,source_reported_unharmonized
e0535_c9b3c38247,enterprises,Average compensation per month of employees in active enterprises having business outcomes by province,Total,VN_SRC_HANAM,Ha Nam,2017,annual,6810.0,Thousand VND,not_specified,E0535,https://www.nso.gov.vn/en/px-web?pxid=E0535&theme=Enterprise,source_reported_unharmonized
e0535_c9b3c38247,enterprises,Average compensation per month of employees in active enterprises having business outcomes by province,Total,VN_SRC_HANAM,Ha Nam,2018,annual,6808.34,Thousand VND,not_specified,E0535,https://www.nso.gov.vn/en/px-web?pxid=E0535&theme=Enterprise,source_reported_unharmonized
e0535_c9b3c38247,enterprises,Average compensation per month of employees in active enterprises having business outcomes by province,Total,VN_SRC_HANAM,Ha Nam,2019,annual,7693.68,Thousand VND,not_specified,E0535,https://www.nso.gov.vn/en/px-web?pxid=E0535&theme=Enterprise,source_reported_unharmonized
e0535_c9b3c38247,enterprises,Average compensation per month of employees in active enterprises having business outcomes by province,Total,VN_SRC_HANAM,Ha Nam,2020,annual,7602.41,Thousand VND,not_specified,E0535,https://www.nso.gov.vn/en/px-web?pxid=E0535&theme=Enterprise,source_reported_unharmonized
e0535_c9b3c38247,enterprises,Average compensation per month of employees in active enterprises having business outcomes by province,Total,VN_SRC_HANAM,Ha Nam,2021,annual,8560.95,Thousand VND,not_specified,E0535,https://www.nso.gov.vn/en/px-web?pxid=E0535&theme=Enterprise,source_reported_unharmonized
e0535_c9b3c38247,enterprises,Average compensation per month of employees in active enterprises having business outcomes by province,Total,VN_SRC_HANAM,Ha Nam,2022,annual,9402.4,Thousand VND,not_specified,E0535,https://www.nso.gov.vn/en/px-web?pxid=E0535&theme=Enterprise,source_reported_unharmonized
e0535_c9b3c38247,enterprises,Average compensation per month of employees in active enterprises having business outcomes by province,Total,VN_SRC_HANAM,Ha Nam,2023,annual,9751.48,Thousand VND,not_specified,E0535,https://www.nso.gov.vn/en/px-web?pxid=E0535&theme=Enterprise,source_reported_unharmonized
e0535_c9b3c38247,enterprises,Average compensation per month of employees in active enterprises having business outcomes by province,Total,VN_SRC_HANAM,Ha Nam,2024,annual,11281.5,Thousand VND,not_specified,E0535,https://www.nso.gov.vn/en/px-web?pxid=E0535&theme=Enterprise,source_reported_unharmonized
e0535_c9b3c38247,enterprises,Average compensation per month of employees in active enterprises having business outcomes by province,Total,VN_SRC_NAMDINH,Nam Dinh,2010,annual,2245.0,Thousand VND,not_specified,E0535,https://www.nso.gov.vn/en/px-web?pxid=E0535&theme=Enterprise,source_reported_unharmonized
e0535_c9b3c38247,enterprises,Average compensation per month of employees in active enterprises having business outcomes by province,Total,VN_SRC_NAMDINH,Nam Dinh,2015,annual,4512.0,Thousand VND,not_specified,E0535,https://www.nso.gov.vn/en/px-web?pxid=E0535&theme=Enterprise,source_reported_unharmonized
e0535_c9b3c38247,enterprises,Average compensation per month of employees in active enterprises having business outcomes by province,Total,VN_SRC_NAMDINH,Nam Dinh,2016,annual,4859.0,Thousand VND,not_specified,E0535,https://www.nso.gov.vn/en/px-web?pxid=E0535&theme=Enterprise,source_reported_unharmonized
e0535_c9b3c38247,enterprises,Average compensation per month of employees in active enterprises having business outcomes by province,Total,VN_SRC_NAMDINH,Nam Dinh,2017,annual,5457.0,Thousand VND,not_specified,E0535,https://www.nso.gov.vn/en/px-web?pxid=E0535&theme=Enterprise,source_reported_unharmonized
e0535_c9b3c38247,enterprises,Average compensation per month of employees in active enterprises having business outcomes by province,Total,VN_SRC_NAMDINH,Nam Dinh,2018,annual,5718.95,Thousand VND,not_specified,E0535,https://www.nso.gov.vn/en/px-web?pxid=E0535&theme=Enterprise,source_reported_unharmonized
e0535_c9b3c38247,enterprises,Average compensation per month of employees in active enterprises having business outcomes by province,Total,VN_SRC_NAMDINH,Nam Dinh,2019,annual,5921.05,Thousand VND,not_specified,E0535,https://www.nso.gov.vn/en/px-web?pxid=E0535&theme=Enterprise,source_reported_unharmonized
e0535_c9b3c38247,enterprises,Average compensation per month of employees in active enterprises having business outcomes by province,Total,VN_SRC_NAMDINH,Nam Dinh,2020,annual,6419.85,Thousand VND,not_specified,E0535,https://www.nso.gov.vn/en/px-web?pxid=E0535&theme=Enterprise,source_reported_unharmonized
e0535_c9b3c38247,enterprises,Average compensation per month of employees in active enterprises having business outcomes by province,Total,VN_SRC_NAMDINH,Nam Dinh,2021,annual,7096.14,Thousand VND,not_specified,E0535,https://www.nso.gov.vn/en/px-web?pxid=E0535&theme=Enterprise,source_reported_unharmonized
e0535_c9b3c38247,enterprises,Average compensation per month of employees in active enterprises having business outcomes by province,Total,VN_SRC_NAMDINH,Nam Dinh,2022,annual,7544.51,Thousand VND,not_specified,E0535,https://www.nso.gov.vn/en/px-web?pxid=E0535&theme=Enterprise,source_reported_unharmonized
e0535_c9b3c38247,enterprises,Average compensation per month of employees in active enterprises having business outcomes by province,Total,VN_SRC_NAMDINH,Nam Dinh,2023,annual,7670.27,Thousand VND,not_specified,E0535,https://www.nso.gov.vn/en/px-web?pxid=E0535&theme=Enterprise,source_reported_unharmonized
e0535_c9b3c38247,enterprises,Average compensation per month of employees in active enterprises having business outcomes by province,Total,VN_SRC_NAMDINH,Nam Dinh,2024,annual,8226.35,Thousand VND,not_specified,E0535,https://www.nso.gov.vn/en/px-web?pxid=E0535&theme=Enterprise,source_reported_unharmonized
e0535_c9b3c38247,enterprises,Average compensation per month of employees in active enterprises having business outcomes by province,Total,VN_SRC_NINHBINH,Ninh Binh,2010,annual,2930.0,Thousand VND,not_specified,E0535,https://www.nso.gov.vn/en/px-web?pxid=E0535&theme=Enterprise,source_reported_unharmonized
e0535_c9b3c38247,enterprises,Average compensation per month of employees in active enterprises having business outcomes by province,Total,VN_SRC_NINHBINH,Ninh Binh,2015,annual,4816.0,Thousand VND,not_specified,E0535,https://www.nso.gov.vn/en/px-web?pxid=E0535&theme=Enterprise,source_reported_unharmonized
e0535_c9b3c38247,enterprises,Average compensation per month of employees in active enterprises having business outcomes by province,Total,VN_SRC_NINHBINH,Ninh Binh,2016,annual,5115.0,Thousand VND,not_specified,E0535,https://www.nso.gov.vn/en/px-web?pxid=E0535&theme=Enterprise,source_reported_unharmonized
e0535_c9b3c38247,enterprises,Average compensation per month of employees in active enterprises having business outcomes by province,Total,VN_SRC_NINHBINH,Ninh Binh,2017,annual,5439.0,Thousand VND,not_specified,E0535,https://www.nso.gov.vn/en/px-web?pxid=E0535&theme=Enterprise,source_reported_unharmonized
e0535_c9b3c38247,enterprises,Average compensation per month of employees in active enterprises having business outcomes by province,Total,VN_SRC_NINHBINH,Ninh Binh,2018,annual,5809.74,Thousand VND,not_specified,E0535,https://www.nso.gov.vn/en/px-web?pxid=E0535&theme=Enterprise,source_reported_unharmonized
e0535_c9b3c38247,enterprises,Average compensation per month of employees in active enterprises having business outcomes by province,Total,VN_SRC_NINHBINH,Ninh Binh,2019,annual,6788.79,Thousand VND,not_specified,E0535,https://www.nso.gov.vn/en/px-web?pxid=E0535&theme=Enterprise,source_reported_unharmonized
e0535_c9b3c38247,enterprises,Average compensation per month of employees in active enterprises having business outcomes by province,Total,VN_SRC_NINHBINH,Ninh Binh,2020,annual,7159.85,Thousand VND,not_specified,E0535,https://www.nso.gov.vn/en/px-web?pxid=E0535&theme=Enterprise,source_reported_unharmonized
e0535_c9b3c38247,enterprises,Average compensation per month of employees in active enterprises having business outcomes by province,Total,VN_SRC_NINHBINH,Ninh Binh,2021,annual,8155.39,Thousand VND,not_specified,E0535,https://www.nso.gov.vn/en/px-web?pxid=E0535&theme=Enterprise,source_reported_unharmonized
e0535_c9b3c38247,enterprises,Average compensation per month of employees in active enterprises having business outcomes by province,Total,VN_SRC_NINHBINH,Ninh Binh,2022,annual,8475.6,Thousand VND,not_specified,E0535,https://www.nso.gov.vn/en/px-web?pxid=E0535&theme=Enterprise,source_reported_unharmonized
e0535_c9b3c38247,enterprises,Average compensation per month of employees in active enterprises having business outcomes by province,Total,VN_SRC_NINHBINH,Ninh Binh,2023,annual,8144.48,Thousand VND,not_specified,E0535,https://www.nso.gov.vn/en/px-web?pxid=E0535&theme=Enterprise,source_reported_unharmonized
e0535_c9b3c38247,enterprises,Average compensation per month of employees in active enterprises having business outcomes by province,Total,VN_SRC_NINHBINH,Ninh Binh,2024,annual,9222.22,Thousand VND,not_specified,E0535,https://www.nso.gov.vn/en/px-web?pxid=E0535&theme=Enterprise,source_reported_unharmonized
e0535_c9b3c38247,enterprises,Average compensation per month of employees in active enterprises having business outcomes by province,Total,VN_SRC_HAGIANG,Ha Giang,2010,annual,2917.0,Thousand VND,not_specified,E0535,https://www.nso.gov.vn/en/px-web?pxid=E0535&theme=Enterprise,source_reported_unharmonized
e0535_c9b3c38247,enterprises,Average compensation per month of employees in active enterprises having business outcomes by province,Total,VN_SRC_HAGIANG,Ha Giang,2015,annual,4594.0,Thousand VND,not_specified,E0535,https://www.nso.gov.vn/en/px-web?pxid=E0535&theme=Enterprise,source_reported_unharmonized
e0535_c9b3c38247,enterprises,Average compensation per month of employees in active enterprises having business outcomes by province,Total,VN_SRC_HAGIANG,Ha Giang,2016,annual,5257.0,Thousand VND,not_specified,E0535,https://www.nso.gov.vn/en/px-web?pxid=E0535&theme=Enterprise,source_reported_unharmonized
e0535_c9b3c38247,enterprises,Average compensation per month of employees in active enterprises having business outcomes by province,Total,VN_SRC_HAGIANG,Ha Giang,2017,annual,5472.0,Thousand VND,not_specified,E0535,https://www.nso.gov.vn/en/px-web?pxid=E0535&theme=Enterprise,source_reported_unharmonized
e0535_c9b3c38247,enterprises,Average compensation per month of employees in active enterprises having business outcomes by province,Total,VN_SRC_HAGIANG,Ha Giang,2018,annual,5881.37,Thousand VND,not_specified,E0535,https://www.nso.gov.vn/en/px-web?pxid=E0535&theme=Enterprise,source_reported_unharmonized
e0535_c9b3c38247,enterprises,Average compensation per month of employees in active enterprises having business outcomes by province,Total,VN_SRC_HAGIANG,Ha Giang,2019,annual,6234.98,Thousand VND,not_specified,E0535,https://www.nso.gov.vn/en/px-web?pxid=E0535&theme=Enterprise,source_reported_unharmonized
e0535_c9b3c38247,enterprises,Average compensation per month of employees in active enterprises having business outcomes by province,Total,VN_SRC_HAGIANG,Ha Giang,2020,annual,6152.19,Thousand VND,not_specified,E0535,https://www.nso.gov.vn/en/px-web?pxid=E0535&theme=Enterprise,source_reported_unharmonized
e0535_c9b3c38247,enterprises,Average compensation per month of employees in active enterprises having business outcomes by province,Total,VN_SRC_HAGIANG,Ha Giang,2021,annual,6208.93,Thousand VND,not_specified,E0535,https://www.nso.gov.vn/en/px-web?pxid=E0535&theme=Enterprise,source_reported_unharmonized
e0535_c9b3c38247,enterprises,Average compensation per month of employees in active enterprises having business outcomes by province,Total,VN_SRC_HAGIANG,Ha Giang,2022,annual,7492.73,Thousand VND,not_specified,E0535,https://www.nso.gov.vn/en/px-web?pxid=E0535&theme=Enterprise,source_reported_unharmonized
e0535_c9b3c38247,enterprises,Average compensation per month of employees in active enterprises having business outcomes by province,Total,VN_SRC_HAGIANG,Ha Giang,2023,annual,8310.41,Thousand VND,not_specified,E0535,https://www.nso.gov.vn/en/px-web?pxid=E0535&theme=Enterprise,source_reported_unharmonized
e0535_c9b3c38247,enterprises,Average compensation per month of employees in active enterprises having business outcomes by province,Total,VN_SRC_HAGIANG,Ha Giang,2024,annual,7693.56,Thousand VND,not_specified,E0535,https://www.nso.gov.vn/en/px-web?pxid=E0535&theme=Enterprise,source_reported_unharmonized
e0535_c9b3c38247,enterprises,Average compensation per month of employees in active enterprises having business outcomes by province,Total,VN_SRC_CAOBANG,Cao Bang,2010,annual,3244.0,Thousand VND,not_specified,E0535,https://www.nso.gov.vn/en/px-web?pxid=E0535&theme=Enterprise,source_reported_unharmonized
e0535_c9b3c38247,enterprises,Average compensation per month of employees in active enterprises having business outcomes by province,Total,VN_SRC_CAOBANG,Cao Bang,2015,annual,5161.0,Thousand VND,not_specified,E0535,https://www.nso.gov.vn/en/px-web?pxid=E0535&theme=Enterprise,source_reported_unharmonized
e0535_c9b3c38247,enterprises,Average compensation per month of employees in active enterprises having business outcomes by province,Total,VN_SRC_CAOBANG,Cao Bang,2016,annual,5666.0,Thousand VND,not_specified,E0535,https://www.nso.gov.vn/en/px-web?pxid=E0535&theme=Enterprise,source_reported_unharmonized
e0535_c9b3c38247,enterprises,Average compensation per month of employees in active enterprises having business outcomes by province,Total,VN_SRC_CAOBANG,Cao Bang,2017,annual,6086.0,Thousand VND,not_specified,E0535,https://www.nso.gov.vn/en/px-web?pxid=E0535&theme=Enterprise,source_reported_unharmonized
e0535_c9b3c38247,enterprises,Average compensation per month of employees in active enterprises having business outcomes by province,Total,VN_SRC_CAOBANG,Cao Bang,2018,annual,6284.77,Thousand VND,not_specified,E0535,https://www.nso.gov.vn/en/px-web?pxid=E0535&theme=Enterprise,source_reported_unharmonized
e0535_c9b3c38247,enterprises,Average compensation per month of employees in active enterprises having business outcomes by province,Total,VN_SRC_CAOBANG,Cao Bang,2019,annual,6366.72,Thousand VND,not_specified,E0535,https://www.nso.gov.vn/en/px-web?pxid=E0535&theme=Enterprise,source_reported_unharmonized
e0535_c9b3c38247,enterprises,Average compensation per month of employees in active enterprises having business outcomes by province,Total,VN_SRC_CAOBANG,Cao Bang,2020,annual,6996.06,Thousand VND,not_specified,E0535,https://www.nso.gov.vn/en/px-web?pxid=E0535&theme=Enterprise,source_reported_unharmonized
e0535_c9b3c38247,enterprises,Average compensation per month of employees in active enterprises having business outcomes by province,Total,VN_SRC_CAOBANG,Cao Bang,2021,annual,7528.22,Thousand VND,not_specified,E0535,https://www.nso.gov.vn/en/px-web?pxid=E0535&theme=Enterprise,source_reported_unharmonized
e0535_c9b3c38247,enterprises,Average compensation per month of employees in active enterprises having business outcomes by province,Total,VN_SRC_CAOBANG,Cao Bang,2022,annual,7621.5,Thousand VND,not_specified,E0535,https://www.nso.gov.vn/en/px-web?pxid=E0535&theme=Enterprise,source_reported_unharmonized
e0535_c9b3c38247,enterprises,Average compensation per month of employees in active enterprises having business outcomes by province,Total,VN_SRC_CAOBANG,Cao Bang,2023,annual,9025.78,Thousand VND,not_specified,E0535,https://www.nso.gov.vn/en/px-web?pxid=E0535&theme=Enterprise,source_reported_unharmonized
e0535_c9b3c38247,enterprises,Average compensation per month of employees in active enterprises having business outcomes by province,Total,VN_SRC_CAOBANG,Cao Bang,2024,annual,8474.57,Thousand VND,not_specified,E0535,https://www.nso.gov.vn/en/px-web?pxid=E0535&theme=Enterprise,source_reported_unharmonized
e0535_c9b3c38247,enterprises,Average compensation per month of employees in active enterprises having business outcomes by province,Total,VN_SRC_BACKAN,Bac Kan,2010,annual,2465.0,Thousand VND,not_specified,E0535,https://www.nso.gov.vn/en/px-web?pxid=E0535&theme=Enterprise,source_reported_unharmonized
e0535_c9b3c38247,enterprises,Average compensation per month of employees in active enterprises having business outcomes by province,Total,VN_SRC_BACKAN,Bac Kan,2015,annual,4520.0,Thousand VND,not_specified,E0535,https://www.nso.gov.vn/en/px-web?pxid=E0535&theme=Enterprise,source_reported_unharmonized
e0535_c9b3c38247,enterprises,Average compensation per month of employees in active enterprises having business outcomes by province,Total,VN_SRC_BACKAN,Bac Kan,2016,annual,5084.0,Thousand VND,not_specified,E0535,https://www.nso.gov.vn/en/px-web?pxid=E0535&theme=Enterprise,source_reported_unharmonized
e0535_c9b3c38247,enterprises,Average compensation per month of employees in active enterprises having business outcomes by province,Total,VN_SRC_BACKAN,Bac Kan,2017,annual,5632.0,Thousand VND,not_specified,E0535,https://www.nso.gov.vn/en/px-web?pxid=E0535&theme=Enterprise,source_reported_unharmonized
e0535_c9b3c38247,enterprises,Average compensation per month of employees in active enterprises having business outcomes by province,Total,VN_SRC_BACKAN,Bac Kan,2018,annual,6512.92,Thousand VND,not_specified,E0535,https://www.nso.gov.vn/en/px-web?pxid=E0535&theme=Enterprise,source_reported_unharmonized
e0535_c9b3c38247,enterprises,Average compensation per month of employees in active enterprises having business outcomes by province,Total,VN_SRC_BACKAN,Bac Kan,2019,annual,6811.74,Thousand VND,not_specified,E0535,https://www.nso.gov.vn/en/px-web?pxid=E0535&theme=Enterprise,source_reported_unharmonized
e0535_c9b3c38247,enterprises,Average compensation per month of employees in active enterprises having business outcomes by province,Total,VN_SRC_BACKAN,Bac Kan,2020,annual,7190.92,Thousand VND,not_specified,E0535,https://www.nso.gov.vn/en/px-web?pxid=E0535&theme=Enterprise,source_reported_unharmonized
e0535_c9b3c38247,enterprises,Average compensation per month of employees in active enterprises having business outcomes by province,Total,VN_SRC_BACKAN,Bac Kan,2021,annual,6798.06,Thousand VND,not_specified,E0535,https://www.nso.gov.vn/en/px-web?pxid=E0535&theme=Enterprise,source_reported_unharmonized
e0535_c9b3c38247,enterprises,Average compensation per month of employees in active enterprises having business outcomes by province,Total,VN_SRC_BACKAN,Bac Kan,2022,annual,7495.87,Thousand VND,not_specified,E0535,https://www.nso.gov.vn/en/px-web?pxid=E0535&theme=Enterprise,source_reported_unharmonized
e0535_c9b3c38247,enterprises,Average compensation per month of employees in active enterprises having business outcomes by province,Total,VN_SRC_BACKAN,Bac Kan,2023,annual,8807.52,Thousand VND,not_specified,E0535,https://www.nso.gov.vn/en/px-web?pxid=E0535&theme=Enterprise,source_reported_unharmonized
e0535_c9b3c38247,enterprises,Average compensation per month of employees in active enterprises having business outcomes by province,Total,VN_SRC_BACKAN,Bac Kan,2024,annual,8430.78,Thousand VND,not_specified,E0535,https://www.nso.gov.vn/en/px-web?pxid=E0535&theme=Enterprise,source_reported_unharmonized
e0535_c9b3c38247,enterprises,Average compensation per month of employees in active enterprises having business outcomes by province,Total,VN_SRC_TUYENQUANG,Tuyen Quang,2010,annual,2705.0,Thousand VND,not_specified,E0535,https://www.nso.gov.vn/en/px-web?pxid=E0535&theme=Enterprise,source_reported_unharmonized
e0535_c9b3c38247,enterprises,Average compensation per month of employees in active enterprises having business outcomes by province,Total,VN_SRC_TUYENQUANG,Tuyen Quang,2015,annual,5211.0,Thousand VND,not_specified,E0535,https://www.nso.gov.vn/en/px-web?pxid=E0535&theme=Enterprise,source_reported_unharmonized
e0535_c9b3c38247,enterprises,Average compensation per month of employees in active enterprises having business outcomes by province,Total,VN_SRC_TUYENQUANG,Tuyen Quang,2016,annual,5252.0,Thousand VND,not_specified,E0535,https://www.nso.gov.vn/en/px-web?pxid=E0535&theme=Enterprise,source_reported_unharmonized
e0535_c9b3c38247,enterprises,Average compensation per month of employees in active enterprises having business outcomes by province,Total,VN_SRC_TUYENQUANG,Tuyen Quang,2017,annual,6252.0,Thousand VND,not_specified,E0535,https://www.nso.gov.vn/en/px-web?pxid=E0535&theme=Enterprise,source_reported_unharmonized
e0535_c9b3c38247,enterprises,Average compensation per month of employees in active enterprises having business outcomes by province,Total,VN_SRC_TUYENQUANG,Tuyen Quang,2018,annual,6181.17,Thousand VND,not_specified,E0535,https://www.nso.gov.vn/en/px-web?pxid=E0535&theme=Enterprise,source_reported_unharmonized
e0535_c9b3c38247,enterprises,Average compensation per month of employees in active enterprises having business outcomes by province,Total,VN_SRC_TUYENQUANG,Tuyen Quang,2019,annual,6903.58,Thousand VND,not_specified,E0535,https://www.nso.gov.vn/en/px-web?pxid=E0535&theme=Enterprise,source_reported_unharmonized
e0535_c9b3c38247,enterprises,Average compensation per month of employees in active enterprises having business outcomes by province,Total,VN_SRC_TUYENQUANG,Tuyen Quang,2020,annual,7454.31,Thousand VND,not_specified,E0535,https://www.nso.gov.vn/en/px-web?pxid=E0535&theme=Enterprise,source_reported_unharmonized
e0535_c9b3c38247,enterprises,Average compensation per month of employees in active enterprises having business outcomes by province,Total,VN_SRC_TUYENQUANG,Tuyen Quang,2021,annual,6982.37,Thousand VND,not_specified,E0535,https://www.nso.gov.vn/en/px-web?pxid=E0535&theme=Enterprise,source_reported_unharmonized
e0535_c9b3c38247,enterprises,Average compensation per month of employees in active enterprises having business outcomes by province,Total,VN_SRC_TUYENQUANG,Tuyen Quang,2022,annual,6956.74,Thousand VND,not_specified,E0535,https://www.nso.gov.vn/en/px-web?pxid=E0535&theme=Enterprise,source_reported_unharmonized
e0535_c9b3c38247,enterprises,Average compensation per month of employees in active enterprises having business outcomes by province,Total,VN_SRC_TUYENQUANG,Tuyen Quang,2023,annual,7114.79,Thousand VND,not_specified,E0535,https://www.nso.gov.vn/en/px-web?pxid=E0535&theme=Enterprise,source_reported_unharmonized
e0535_c9b3c38247,enterprises,Average compensation per month of employees in active enterprises having business outcomes by province,Total,VN_SRC_TUYENQUANG,Tuyen Quang,2024,annual,7853.41,Thousand VND,not_specified,E0535,https://www.nso.gov.vn/en/px-web?pxid=E0535&theme=Enterprise,source_reported_unharmonized
e0535_c9b3c38247,enterprises,Average compensation per month of employees in active enterprises having business outcomes by province,Total,VN_SRC_LAOCAI,Lao Cai,2010,annual,3571.0,Thousand VND,not_specified,E0535,https://www.nso.gov.vn/en/px-web?pxid=E0535&theme=Enterprise,source_reported_unharmonized
e0535_c9b3c38247,enterprises,Average compensation per month of employees in active enterprises having business outcomes by province,Total,VN_SRC_LAOCAI,Lao Cai,2015,annual,6560.0,Thousand VND,not_specified,E0535,https://www.nso.gov.vn/en/px-web?pxid=E0535&theme=Enterprise,source_reported_unharmonized
e0535_c9b3c38247,enterprises,Average compensation per month of employees in active enterprises having business outcomes by province,Total,VN_SRC_LAOCAI,Lao Cai,2016,annual,6692.0,Thousand VND,not_specified,E0535,https://www.nso.gov.vn/en/px-web?pxid=E0535&theme=Enterprise,source_reported_unharmonized
e0535_c9b3c38247,enterprises,Average compensation per month of employees in active enterprises having business outcomes by province,Total,VN_SRC_LAOCAI,Lao Cai,2017,annual,6795.0,Thousand VND,not_specified,E0535,https://www.nso.gov.vn/en/px-web?pxid=E0535&theme=Enterprise,source_reported_unharmonized
e0535_c9b3c38247,enterprises,Average compensation per month of employees in active enterprises having business outcomes by province,Total,VN_SRC_LAOCAI,Lao Cai,2018,annual,7927.96,Thousand VND,not_specified,E0535,https://www.nso.gov.vn/en/px-web?pxid=E0535&theme=Enterprise,source_reported_unharmonized
e0535_c9b3c38247,enterprises,Average compensation per month of employees in active enterprises having business outcomes by province,Total,VN_SRC_LAOCAI,Lao Cai,2019,annual,9037.17,Thousand VND,not_specified,E0535,https://www.nso.gov.vn/en/px-web?pxid=E0535&theme=Enterprise,source_reported_unharmonized
e0535_c9b3c38247,enterprises,Average compensation per month of employees in active enterprises having business outcomes by province,Total,VN_SRC_LAOCAI,Lao Cai,2020,annual,7746.09,Thousand VND,not_specified,E0535,https://www.nso.gov.vn/en/px-web?pxid=E0535&theme=Enterprise,source_reported_unharmonized
e0535_c9b3c38247,enterprises,Average compensation per month of employees in active enterprises having business outcomes by province,Total,VN_SRC_LAOCAI,Lao Cai,2021,annual,8483.29,Thousand VND,not_specified,E0535,https://www.nso.gov.vn/en/px-web?pxid=E0535&theme=Enterprise,source_reported_unharmonized
e0535_c9b3c38247,enterprises,Average compensation per month of employees in active enterprises having business outcomes by province,Total,VN_SRC_LAOCAI,Lao Cai,2022,annual,10695.27,Thousand VND,not_specified,E0535,https://www.nso.gov.vn/en/px-web?pxid=E0535&theme=Enterprise,source_reported_unharmonized
e0535_c9b3c38247,enterprises,Average compensation per month of employees in active enterprises having business outcomes by province,Total,VN_SRC_LAOCAI,Lao Cai,2023,annual,10405.94,Thousand VND,not_specified,E0535,https://www.nso.gov.vn/en/px-web?pxid=E0535&theme=Enterprise,source_reported_unharmonized
e0535_c9b3c38247,enterprises,Average compensation per month of employees in active enterprises having business outcomes by province,Total,VN_SRC_LAOCAI,Lao Cai,2024,annual,10218.91,Thousand VND,not_specified,E0535,https://www.nso.gov.vn/en/px-web?pxid=E0535&theme=Enterprise,source_reported_unharmonized
e0535_c9b3c38247,enterprises,Average compensation per month of employees in active enterprises having business outcomes by province,Total,VN_SRC_YENBAI,Yen Bai,2010,annual,3182.0,Thousand VND,not_specified,E0535,https://www.nso.gov.vn/en/px-web?pxid=E0535&theme=Enterprise,source_reported_unharmonized
e0535_c9b3c38247,enterprises,Average compensation per month of employees in active enterprises having business outcomes by province,Total,VN_SRC_YENBAI,Yen Bai,2015,annual,5318.0,Thousand VND,not_specified,E0535,https://www.nso.gov.vn/en/px-web?pxid=E0535&theme=Enterprise,source_reported_unharmonized
e0535_c9b3c38247,enterprises,Average compensation per month of employees in active enterprises having business outcomes by province,Total,VN_SRC_YENBAI,Yen Bai,2016,annual,6050.0,Thousand VND,not_specified,E0535,https://www.nso.gov.vn/en/px-web?pxid=E0535&theme=Enterprise,source_reported_unharmonized
e0535_c9b3c38247,enterprises,Average compensation per month of employees in active enterprises having business outcomes by province,Total,VN_SRC_YENBAI,Yen Bai,2017,annual,5907.0,Thousand VND,not_specified,E0535,https://www.nso.gov.vn/en/px-web?pxid=E0535&theme=Enterprise,source_reported_unharmonized
e0535_c9b3c38247,enterprises,Average compensation per month of employees in active enterprises having business outcomes by province,Total,VN_SRC_YENBAI,Yen Bai,2018,annual,5682.25,Thousand VND,not_specified,E0535,https://www.nso.gov.vn/en/px-web?pxid=E0535&theme=Enterprise,source_reported_unharmonized
e0535_c9b3c38247,enterprises,Average compensation per month of employees in active enterprises having business outcomes by province,Total,VN_SRC_YENBAI,Yen Bai,2019,annual,6155.63,Thousand VND,not_specified,E0535,https://www.nso.gov.vn/en/px-web?pxid=E0535&theme=Enterprise,source_reported_unharmonized
e0535_c9b3c38247,enterprises,Average compensation per month of employees in active enterprises having business outcomes by province,Total,VN_SRC_YENBAI,Yen Bai,2020,annual,7275.18,Thousand VND,not_specified,E0535,https://www.nso.gov.vn/en/px-web?pxid=E0535&theme=Enterprise,source_reported_unharmonized
e0535_c9b3c38247,enterprises,Average compensation per month of employees in active enterprises having business outcomes by province,Total,VN_SRC_YENBAI,Yen Bai,2021,annual,7311.89,Thousand VND,not_specified,E0535,https://www.nso.gov.vn/en/px-web?pxid=E0535&theme=Enterprise,source_reported_unharmonized
e0535_c9b3c38247,enterprises,Average compensation per month of employees in active enterprises having business outcomes by province,Total,VN_SRC_YENBAI,Yen Bai,2022,annual,7921.68,Thousand VND,not_specified,E0535,https://www.nso.gov.vn/en/px-web?pxid=E0535&theme=Enterprise,source_reported_unharmonized
e0535_c9b3c38247,enterprises,Average compensation per month of employees in active enterprises having business outcomes by province,Total,VN_SRC_YENBAI,Yen Bai,2023,annual,8712.68,Thousand VND,not_specified,E0535,https://www.nso.gov.vn/en/px-web?pxid=E0535&theme=Enterprise,source_reported_unharmonized
e0535_c9b3c38247,enterprises,Average compensation per month of employees in active enterprises having business outcomes by province,Total,VN_SRC_YENBAI,Yen Bai,2024,annual,8397.22,Thousand VND,not_specified,E0535,https://www.nso.gov.vn/en/px-web?pxid=E0535&theme=Enterprise,source_reported_unharmonized
e0535_c9b3c38247,enterprises,Average compensation per month of employees in active enterprises having business outcomes by province,Total,VN_SRC_THAINGUYEN,Thai Nguyen,2010,annual,3433.0,Thousand VND,not_specified,E0535,https://www.nso.gov.vn/en/px-web?pxid=E0535&theme=Enterprise,source_reported_unharmonized
e0535_c9b3c38247,enterprises,Average compensation per month of employees in active enterprises having business outcomes by province,Total,VN_SRC_THAINGUYEN,Thai Nguyen,2015,annual,7788.0,Thousand VND,not_specified,E0535,https://www.nso.gov.vn/en/px-web?pxid=E0535&theme=Enterprise,source_reported_unharmonized
e0535_c9b3c38247,enterprises,Average compensation per month of employees in active enterprises having business outcomes by province,Total,VN_SRC_THAINGUYEN,Thai Nguyen,2016,annual,9283.0,Thousand VND,not_specified,E0535,https://www.nso.gov.vn/en/px-web?pxid=E0535&theme=Enterprise,source_reported_unharmonized
e0535_c9b3c38247,enterprises,Average compensation per month of employees in active enterprises having business outcomes by province,Total,VN_SRC_THAINGUYEN,Thai Nguyen,2017,annual,8744.0,Thousand VND,not_specified,E0535,https://www.nso.gov.vn/en/px-web?pxid=E0535&theme=Enterprise,source_reported_unharmonized
e0535_c9b3c38247,enterprises,Average compensation per month of employees in active enterprises having business outcomes by province,Total,VN_SRC_THAINGUYEN,Thai Nguyen,2018,annual,8938.43,Thousand VND,not_specified,E0535,https://www.nso.gov.vn/en/px-web?pxid=E0535&theme=Enterprise,source_reported_unharmonized
e0535_c9b3c38247,enterprises,Average compensation per month of employees in active enterprises having business outcomes by province,Total,VN_SRC_THAINGUYEN,Thai Nguyen,2019,annual,9432.43,Thousand VND,not_specified,E0535,https://www.nso.gov.vn/en/px-web?pxid=E0535&theme=Enterprise,source_reported_unharmonized
e0535_c9b3c38247,enterprises,Average compensation per month of employees in active enterprises having business outcomes by province,Total,VN_SRC_THAINGUYEN,Thai Nguyen,2020,annual,9308.23,Thousand VND,not_specified,E0535,https://www.nso.gov.vn/en/px-web?pxid=E0535&theme=Enterprise,source_reported_unharmonized
e0535_c9b3c38247,enterprises,Average compensation per month of employees in active enterprises having business outcomes by province,Total,VN_SRC_THAINGUYEN,Thai Nguyen,2021,annual,10772.92,Thousand VND,not_specified,E0535,https://www.nso.gov.vn/en/px-web?pxid=E0535&theme=Enterprise,source_reported_unharmonized
e0535_c9b3c38247,enterprises,Average compensation per month of employees in active enterprises having business outcomes by province,Total,VN_SRC_THAINGUYEN,Thai Nguyen,2022,annual,11066.28,Thousand VND,not_specified,E0535,https://www.nso.gov.vn/en/px-web?pxid=E0535&theme=Enterprise,source_reported_unharmonized
e0535_c9b3c38247,enterprises,Average compensation per month of employees in active enterprises having business outcomes by province,Total,VN_SRC_THAINGUYEN,Thai Nguyen,2023,annual,11461.43,Thousand VND,not_specified,E0535,https://www.nso.gov.vn/en/px-web?pxid=E0535&theme=Enterprise,source_reported_unharmonized
e0535_c9b3c38247,enterprises,Average compensation per month of employees in active enterprises having business outcomes by province,Total,VN_SRC_THAINGUYEN,Thai Nguyen,2024,annual,11660.81,Thousand VND,not_specified,E0535,https://www.nso.gov.vn/en/px-web?pxid=E0535&theme=Enterprise,source_reported_unharmonized
e0535_c9b3c38247,enterprises,Average compensation per month of employees in active enterprises having business outcomes by province,Total,VN_SRC_LANGSON,Lang Son,2010,annual,2853.0,Thousand VND,not_specified,E0535,https://www.nso.gov.vn/en/px-web?pxid=E0535&theme=Enterprise,source_reported_unharmonized
e0535_c9b3c38247,enterprises,Average compensation per month of employees in active enterprises having business outcomes by province,Total,VN_SRC_LANGSON,Lang Son,2015,annual,5345.0,Thousand VND,not_specified,E0535,https://www.nso.gov.vn/en/px-web?pxid=E0535&theme=Enterprise,source_reported_unharmonized
e0535_c9b3c38247,enterprises,Average compensation per month of employees in active enterprises having business outcomes by province,Total,VN_SRC_LANGSON,Lang Son,2016,annual,5569.0,Thousand VND,not_specified,E0535,https://www.nso.gov.vn/en/px-web?pxid=E0535&theme=Enterprise,source_reported_unharmonized
e0535_c9b3c38247,enterprises,Average compensation per month of employees in active enterprises having business outcomes by province,Total,VN_SRC_LANGSON,Lang Son,2017,annual,5560.0,Thousand VND,not_specified,E0535,https://www.nso.gov.vn/en/px-web?pxid=E0535&theme=Enterprise,source_reported_unharmonized
e0535_c9b3c38247,enterprises,Average compensation per month of employees in active enterprises having business outcomes by province,Total,VN_SRC_LANGSON,Lang Son,2018,annual,5647.8,Thousand VND,not_specified,E0535,https://www.nso.gov.vn/en/px-web?pxid=E0535&theme=Enterprise,source_reported_unharmonized
e0535_c9b3c38247,enterprises,Average compensation per month of employees in active enterprises having business outcomes by province,Total,VN_SRC_LANGSON,Lang Son,2019,annual,5771.54,Thousand VND,not_specified,E0535,https://www.nso.gov.vn/en/px-web?pxid=E0535&theme=Enterprise,source_reported_unharmonized
e0535_c9b3c38247,enterprises,Average compensation per month of employees in active enterprises having business outcomes by province,Total,VN_SRC_LANGSON,Lang Son,2020,annual,6137.76,Thousand VND,not_specified,E0535,https://www.nso.gov.vn/en/px-web?pxid=E0535&theme=Enterprise,source_reported_unharmonized
e0535_c9b3c38247,enterprises,Average compensation per month of employees in active enterprises having business outcomes by province,Total,VN_SRC_LANGSON,Lang Son,2021,annual,7147.77,Thousand VND,not_specified,E0535,https://www.nso.gov.vn/en/px-web?pxid=E0535&theme=Enterprise,source_reported_unharmonized
e0535_c9b3c38247,enterprises,Average compensation per month of employees in active enterprises having business outcomes by province,Total,VN_SRC_LANGSON,Lang Son,2022,annual,7567.1,Thousand VND,not_specified,E0535,https://www.nso.gov.vn/en/px-web?pxid=E0535&theme=Enterprise,source_reported_unharmonized
e0535_c9b3c38247,enterprises,Average compensation per month of employees in active enterprises having business outcomes by province,Total,VN_SRC_LANGSON,Lang Son,2023,annual,8257.97,Thousand VND,not_specified,E0535,https://www.nso.gov.vn/en/px-web?pxid=E0535&theme=Enterprise,source_reported_unharmonized
e0535_c9b3c38247,enterprises,Average compensation per month of employees in active enterprises having business outcomes by province,Total,VN_SRC_LANGSON,Lang Son,2024,annual,8527.5,Thousand VND,not_specified,E0535,https://www.nso.gov.vn/en/px-web?pxid=E0535&theme=Enterprise,source_reported_unharmonized
e0535_c9b3c38247,enterprises,Average compensation per month of employees in active enterprises having business outcomes by province,Total,VN_SRC_BACGIANG,Bac Giang,2010,annual,2628.0,Thousand VND,not_specified,E0535,https://www.nso.gov.vn/en/px-web?pxid=E0535&theme=Enterprise,source_reported_unharmonized
e0535_c9b3c38247,enterprises,Average compensation per month of employees in active enterprises having business outcomes by province,Total,VN_SRC_BACGIANG,Bac Giang,2015,annual,5494.0,Thousand VND,not_specified,E0535,https://www.nso.gov.vn/en/px-web?pxid=E0535&theme=Enterprise,source_reported_unharmonized
e0535_c9b3c38247,enterprises,Average compensation per month of employees in active enterprises having business outcomes by province,Total,VN_SRC_BACGIANG,Bac Giang,2016,annual,7168.0,Thousand VND,not_specified,E0535,https://www.nso.gov.vn/en/px-web?pxid=E0535&theme=Enterprise,source_reported_unharmonized
e0535_c9b3c38247,enterprises,Average compensation per month of employees in active enterprises having business outcomes by province,Total,VN_SRC_BACGIANG,Bac Giang,2017,annual,7807.0,Thousand VND,not_specified,E0535,https://www.nso.gov.vn/en/px-web?pxid=E0535&theme=Enterprise,source_reported_unharmonized
e0535_c9b3c38247,enterprises,Average compensation per month of employees in active enterprises having business outcomes by province,Total,VN_SRC_BACGIANG,Bac Giang,2018,annual,7466.45,Thousand VND,not_specified,E0535,https://www.nso.gov.vn/en/px-web?pxid=E0535&theme=Enterprise,source_reported_unharmonized
e0535_c9b3c38247,enterprises,Average compensation per month of employees in active enterprises having business outcomes by province,Total,VN_SRC_BACGIANG,Bac Giang,2019,annual,8134.03,Thousand VND,not_specified,E0535,https://www.nso.gov.vn/en/px-web?pxid=E0535&theme=Enterprise,source_reported_unharmonized
e0535_c9b3c38247,enterprises,Average compensation per month of employees in active enterprises having business outcomes by province,Total,VN_SRC_BACGIANG,Bac Giang,2020,annual,8643.5,Thousand VND,not_specified,E0535,https://www.nso.gov.vn/en/px-web?pxid=E0535&theme=Enterprise,source_reported_unharmonized
e0535_c9b3c38247,enterprises,Average compensation per month of employees in active enterprises having business outcomes by province,Total,VN_SRC_BACGIANG,Bac Giang,2021,annual,8302.78,Thousand VND,not_specified,E0535,https://www.nso.gov.vn/en/px-web?pxid=E0535&theme=Enterprise,source_reported_unharmonized
e0535_c9b3c38247,enterprises,Average compensation per month of employees in active enterprises having business outcomes by province,Total,VN_SRC_BACGIANG,Bac Giang,2022,annual,10676.5,Thousand VND,not_specified,E0535,https://www.nso.gov.vn/en/px-web?pxid=E0535&theme=Enterprise,source_reported_unharmonized
e0535_c9b3c38247,enterprises,Average compensation per month of employees in active enterprises having business outcomes by province,Total,VN_SRC_BACGIANG,Bac Giang,2023,annual,10457.8,Thousand VND,not_specified,E0535,https://www.nso.gov.vn/en/px-web?pxid=E0535&theme=Enterprise,source_reported_unharmonized
e0535_c9b3c38247,enterprises,Average compensation per month of employees in active enterprises having business outcomes by province,Total,VN_SRC_BACGIANG,Bac Giang,2024,annual,11127.99,Thousand VND,not_specified,E0535,https://www.nso.gov.vn/en/px-web?pxid=E0535&theme=Enterprise,source_reported_unharmonized
e0535_c9b3c38247,enterprises,Average compensation per month of employees in active enterprises having business outcomes by province,Total,VN_SRC_PHUTHO,Phu Tho,2010,annual,2603.0,Thousand VND,not_specified,E0535,https://www.nso.gov.vn/en/px-web?pxid=E0535&theme=Enterprise,source_reported_unharmonized
e0535_c9b3c38247,enterprises,Average compensation per month of employees in active enterprises having business outcomes by province,Total,VN_SRC_PHUTHO,Phu Tho,2015,annual,5347.0,Thousand VND,not_specified,E0535,https://www.nso.gov.vn/en/px-web?pxid=E0535&theme=Enterprise,source_reported_unharmonized
e0535_c9b3c38247,enterprises,Average compensation per month of employees in active enterprises having business outcomes by province,Total,VN_SRC_PHUTHO,Phu Tho,2016,annual,5615.0,Thousand VND,not_specified,E0535,https://www.nso.gov.vn/en/px-web?pxid=E0535&theme=Enterprise,source_reported_unharmonized
e0535_c9b3c38247,enterprises,Average compensation per month of employees in active enterprises having business outcomes by province,Total,VN_SRC_PHUTHO,Phu Tho,2017,annual,5971.0,Thousand VND,not_specified,E0535,https://www.nso.gov.vn/en/px-web?pxid=E0535&theme=Enterprise,source_reported_unharmonized
e0535_c9b3c38247,enterprises,Average compensation per month of employees in active enterprises having business outcomes by province,Total,VN_SRC_PHUTHO,Phu Tho,2018,annual,6862.99,Thousand VND,not_specified,E0535,https://www.nso.gov.vn/en/px-web?pxid=E0535&theme=Enterprise,source_reported_unharmonized
e0535_c9b3c38247,enterprises,Average compensation per month of employees in active enterprises having business outcomes by province,Total,VN_SRC_PHUTHO,Phu Tho,2019,annual,7499.03,Thousand VND,not_specified,E0535,https://www.nso.gov.vn/en/px-web?pxid=E0535&theme=Enterprise,source_reported_unharmonized
e0535_c9b3c38247,enterprises,Average compensation per month of employees in active enterprises having business outcomes by province,Total,VN_SRC_PHUTHO,Phu Tho,2020,annual,7309.19,Thousand VND,not_specified,E0535,https://www.nso.gov.vn/en/px-web?pxid=E0535&theme=Enterprise,source_reported_unharmonized
e0535_c9b3c38247,enterprises,Average compensation per month of employees in active enterprises having business outcomes by province,Total,VN_SRC_PHUTHO,Phu Tho,2021,annual,8017.08,Thousand VND,not_specified,E0535,https://www.nso.gov.vn/en/px-web?pxid=E0535&theme=Enterprise,source_reported_unharmonized
e0535_c9b3c38247,enterprises,Average compensation per month of employees in active enterprises having business outcomes by province,Total,VN_SRC_PHUTHO,Phu Tho,2022,annual,8655.0,Thousand VND,not_specified,E0535,https://www.nso.gov.vn/en/px-web?pxid=E0535&theme=Enterprise,source_reported_unharmonized
e0535_c9b3c38247,enterprises,Average compensation per month of employees in active enterprises having business outcomes by province,Total,VN_SRC_PHUTHO,Phu Tho,2023,annual,8651.31,Thousand VND,not_specified,E0535,https://www.nso.gov.vn/en/px-web?pxid=E0535&theme=Enterprise,source_reported_unharmonized
e0535_c9b3c38247,enterprises,Average compensation per month of employees in active enterprises having business outcomes by province,Total,VN_SRC_PHUTHO,Phu Tho,2024,annual,9503.78,Thousand VND,not_specified,E0535,https://www.nso.gov.vn/en/px-web?pxid=E0535&theme=Enterprise,source_reported_unharmonized
e0535_c9b3c38247,enterprises,Average compensation per month of employees in active enterprises having business outcomes by province,Total,VN_SRC_DIENBIEN,Dien Bien,2010,annual,3813.0,Thousand VND,not_specified,E0535,https://www.nso.gov.vn/en/px-web?pxid=E0535&theme=Enterprise,source_reported_unharmonized
e0535_c9b3c38247,enterprises,Average compensation per month of employees in active enterprises having business outcomes by province,Total,VN_SRC_DIENBIEN,Dien Bien,2015,annual,4493.0,Thousand VND,not_specified,E0535,https://www.nso.gov.vn/en/px-web?pxid=E0535&theme=Enterprise,source_reported_unharmonized
e0535_c9b3c38247,enterprises,Average compensation per month of employees in active enterprises having business outcomes by province,Total,VN_SRC_DIENBIEN,Dien Bien,2016,annual,4528.0,Thousand VND,not_specified,E0535,https://www.nso.gov.vn/en/px-web?pxid=E0535&theme=Enterprise,source_reported_unharmonized
e0535_c9b3c38247,enterprises,Average compensation per month of employees in active enterprises having business outcomes by province,Total,VN_SRC_DIENBIEN,Dien Bien,2017,annual,4316.0,Thousand VND,not_specified,E0535,https://www.nso.gov.vn/en/px-web?pxid=E0535&theme=Enterprise,source_reported_unharmonized
e0535_c9b3c38247,enterprises,Average compensation per month of employees in active enterprises having business outcomes by province,Total,VN_SRC_DIENBIEN,Dien Bien,2018,annual,4331.95,Thousand VND,not_specified,E0535,https://www.nso.gov.vn/en/px-web?pxid=E0535&theme=Enterprise,source_reported_unharmonized
e0535_c9b3c38247,enterprises,Average compensation per month of employees in active enterprises having business outcomes by province,Total,VN_SRC_DIENBIEN,Dien Bien,2019,annual,4665.08,Thousand VND,not_specified,E0535,https://www.nso.gov.vn/en/px-web?pxid=E0535&theme=Enterprise,source_reported_unharmonized
e0535_c9b3c38247,enterprises,Average compensation per month of employees in active enterprises having business outcomes by province,Total,VN_SRC_DIENBIEN,Dien Bien,2020,annual,4343.15,Thousand VND,not_specified,E0535,https://www.nso.gov.vn/en/px-web?pxid=E0535&theme=Enterprise,source_reported_unharmonized
e0535_c9b3c38247,enterprises,Average compensation per month of employees in active enterprises having business outcomes by province,Total,VN_SRC_DIENBIEN,Dien Bien,2021,annual,4941.51,Thousand VND,not_specified,E0535,https://www.nso.gov.vn/en/px-web?pxid=E0535&theme=Enterprise,source_reported_unharmonized
e0535_c9b3c38247,enterprises,Average compensation per month of employees in active enterprises having business outcomes by province,Total,VN_SRC_DIENBIEN,Dien Bien,2022,annual,5546.17,Thousand VND,not_specified,E0535,https://www.nso.gov.vn/en/px-web?pxid=E0535&theme=Enterprise,source_reported_unharmonized
e0535_c9b3c38247,enterprises,Average compensation per month of employees in active enterprises having business outcomes by province,Total,VN_SRC_DIENBIEN,Dien Bien,2023,annual,6712.73,Thousand VND,not_specified,E0535,https://www.nso.gov.vn/en/px-web?pxid=E0535&theme=Enterprise,source_reported_unharmonized
e0535_c9b3c38247,enterprises,Average compensation per month of employees in active enterprises having business outcomes by province,Total,VN_SRC_DIENBIEN,Dien Bien,2024,annual,8304.22,Thousand VND,not_specified,E0535,https://www.nso.gov.vn/en/px-web?pxid=E0535&theme=Enterprise,source_reported_unharmonized
e0535_c9b3c38247,enterprises,Average compensation per month of employees in active enterprises having business outcomes by province,Total,VN_SRC_LAICHAU,Lai Chau,2010,annual,2994.0,Thousand VND,not_specified,E0535,https://www.nso.gov.vn/en/px-web?pxid=E0535&theme=Enterprise,source_reported_unharmonized
e0535_c9b3c38247,enterprises,Average compensation per month of employees in active enterprises having business outcomes by province,Total,VN_SRC_LAICHAU,Lai Chau,2015,annual,5001.0,Thousand VND,not_specified,E0535,https://www.nso.gov.vn/en/px-web?pxid=E0535&theme=Enterprise,source_reported_unharmonized
e0535_c9b3c38247,enterprises,Average compensation per month of employees in active enterprises having business outcomes by province,Total,VN_SRC_LAICHAU,Lai Chau,2016,annual,5712.0,Thousand VND,not_specified,E0535,https://www.nso.gov.vn/en/px-web?pxid=E0535&theme=Enterprise,source_reported_unharmonized
e0535_c9b3c38247,enterprises,Average compensation per month of employees in active enterprises having business outcomes by province,Total,VN_SRC_LAICHAU,Lai Chau,2017,annual,5460.0,Thousand VND,not_specified,E0535,https://www.nso.gov.vn/en/px-web?pxid=E0535&theme=Enterprise,source_reported_unharmonized
e0535_c9b3c38247,enterprises,Average compensation per month of employees in active enterprises having business outcomes by province,Total,VN_SRC_LAICHAU,Lai Chau,2018,annual,5734.98,Thousand VND,not_specified,E0535,https://www.nso.gov.vn/en/px-web?pxid=E0535&theme=Enterprise,source_reported_unharmonized
e0535_c9b3c38247,enterprises,Average compensation per month of employees in active enterprises having business outcomes by province,Total,VN_SRC_LAICHAU,Lai Chau,2019,annual,5744.67,Thousand VND,not_specified,E0535,https://www.nso.gov.vn/en/px-web?pxid=E0535&theme=Enterprise,source_reported_unharmonized
e0535_c9b3c38247,enterprises,Average compensation per month of employees in active enterprises having business outcomes by province,Total,VN_SRC_LAICHAU,Lai Chau,2020,annual,6017.42,Thousand VND,not_specified,E0535,https://www.nso.gov.vn/en/px-web?pxid=E0535&theme=Enterprise,source_reported_unharmonized
e0535_c9b3c38247,enterprises,Average compensation per month of employees in active enterprises having business outcomes by province,Total,VN_SRC_LAICHAU,Lai Chau,2021,annual,6826.25,Thousand VND,not_specified,E0535,https://www.nso.gov.vn/en/px-web?pxid=E0535&theme=Enterprise,source_reported_unharmonized
e0535_c9b3c38247,enterprises,Average compensation per month of employees in active enterprises having business outcomes by province,Total,VN_SRC_LAICHAU,Lai Chau,2022,annual,7177.69,Thousand VND,not_specified,E0535,https://www.nso.gov.vn/en/px-web?pxid=E0535&theme=Enterprise,source_reported_unharmonized
e0535_c9b3c38247,enterprises,Average compensation per month of employees in active enterprises having business outcomes by province,Total,VN_SRC_LAICHAU,Lai Chau,2023,annual,8007.64,Thousand VND,not_specified,E0535,https://www.nso.gov.vn/en/px-web?pxid=E0535&theme=Enterprise,source_reported_unharmonized
e0535_c9b3c38247,enterprises,Average compensation per month of employees in active enterprises having business outcomes by province,Total,VN_SRC_LAICHAU,Lai Chau,2024,annual,8299.1,Thousand VND,not_specified,E0535,https://www.nso.gov.vn/en/px-web?pxid=E0535&theme=Enterprise,source_reported_unharmonized
e0535_c9b3c38247,enterprises,Average compensation per month of employees in active enterprises having business outcomes by province,Total,VN_SRC_SONLA,Son La,2010,annual,2905.0,Thousand VND,not_specified,E0535,https://www.nso.gov.vn/en/px-web?pxid=E0535&theme=Enterprise,source_reported_unharmonized
e0535_c9b3c38247,enterprises,Average compensation per month of employees in active enterprises having business outcomes by province,Total,VN_SRC_SONLA,Son La,2015,annual,4112.0,Thousand VND,not_specified,E0535,https://www.nso.gov.vn/en/px-web?pxid=E0535&theme=Enterprise,source_reported_unharmonized
e0535_c9b3c38247,enterprises,Average compensation per month of employees in active enterprises having business outcomes by province,Total,VN_SRC_SONLA,Son La,2016,annual,4391.0,Thousand VND,not_specified,E0535,https://www.nso.gov.vn/en/px-web?pxid=E0535&theme=Enterprise,source_reported_unharmonized
e0535_c9b3c38247,enterprises,Average compensation per month of employees in active enterprises having business outcomes by province,Total,VN_SRC_SONLA,Son La,2017,annual,4583.0,Thousand VND,not_specified,E0535,https://www.nso.gov.vn/en/px-web?pxid=E0535&theme=Enterprise,source_reported_unharmonized
e0535_c9b3c38247,enterprises,Average compensation per month of employees in active enterprises having business outcomes by province,Total,VN_SRC_SONLA,Son La,2018,annual,4859.06,Thousand VND,not_specified,E0535,https://www.nso.gov.vn/en/px-web?pxid=E0535&theme=Enterprise,source_reported_unharmonized
e0535_c9b3c38247,enterprises,Average compensation per month of employees in active enterprises having business outcomes by province,Total,VN_SRC_SONLA,Son La,2019,annual,4972.99,Thousand VND,not_specified,E0535,https://www.nso.gov.vn/en/px-web?pxid=E0535&theme=Enterprise,source_reported_unharmonized
e0535_c9b3c38247,enterprises,Average compensation per month of employees in active enterprises having business outcomes by province,Total,VN_SRC_SONLA,Son La,2020,annual,5814.64,Thousand VND,not_specified,E0535,https://www.nso.gov.vn/en/px-web?pxid=E0535&theme=Enterprise,source_reported_unharmonized
e0535_c9b3c38247,enterprises,Average compensation per month of employees in active enterprises having business outcomes by province,Total,VN_SRC_SONLA,Son La,2021,annual,6407.82,Thousand VND,not_specified,E0535,https://www.nso.gov.vn/en/px-web?pxid=E0535&theme=Enterprise,source_reported_unharmonized
e0535_c9b3c38247,enterprises,Average compensation per month of employees in active enterprises having business outcomes by province,Total,VN_SRC_SONLA,Son La,2022,annual,6829.87,Thousand VND,not_specified,E0535,https://www.nso.gov.vn/en/px-web?pxid=E0535&theme=Enterprise,source_reported_unharmonized
e0535_c9b3c38247,enterprises,Average compensation per month of employees in active enterprises having business outcomes by province,Total,VN_SRC_SONLA,Son La,2023,annual,7120.79,Thousand VND,not_specified,E0535,https://www.nso.gov.vn/en/px-web?pxid=E0535&theme=Enterprise,source_reported_unharmonized
e0535_c9b3c38247,enterprises,Average compensation per month of employees in active enterprises having business outcomes by province,Total,VN_SRC_SONLA,Son La,2024,annual,7924.02,Thousand VND,not_specified,E0535,https://www.nso.gov.vn/en/px-web?pxid=E0535&theme=Enterprise,source_reported_unharmonized
e0535_c9b3c38247,enterprises,Average compensation per month of employees in active enterprises having business outcomes by province,Total,VN_SRC_HOABINH,Hoa Binh,2010,annual,2508.0,Thousand VND,not_specified,E0535,https://www.nso.gov.vn/en/px-web?pxid=E0535&theme=Enterprise,source_reported_unharmonized
e0535_c9b3c38247,enterprises,Average compensation per month of employees in active enterprises having business outcomes by province,Total,VN_SRC_HOABINH,Hoa Binh,2015,annual,5911.0,Thousand VND,not_specified,E0535,https://www.nso.gov.vn/en/px-web?pxid=E0535&theme=Enterprise,source_reported_unharmonized
e0535_c9b3c38247,enterprises,Average compensation per month of employees in active enterprises having business outcomes by province,Total,VN_SRC_HOABINH,Hoa Binh,2016,annual,5886.0,Thousand VND,not_specified,E0535,https://www.nso.gov.vn/en/px-web?pxid=E0535&theme=Enterprise,source_reported_unharmonized
e0535_c9b3c38247,enterprises,Average compensation per month of employees in active enterprises having business outcomes by province,Total,VN_SRC_HOABINH,Hoa Binh,2017,annual,6048.0,Thousand VND,not_specified,E0535,https://www.nso.gov.vn/en/px-web?pxid=E0535&theme=Enterprise,source_reported_unharmonized
e0535_c9b3c38247,enterprises,Average compensation per month of employees in active enterprises having business outcomes by province,Total,VN_SRC_HOABINH,Hoa Binh,2018,annual,6521.33,Thousand VND,not_specified,E0535,https://www.nso.gov.vn/en/px-web?pxid=E0535&theme=Enterprise,source_reported_unharmonized
e0535_c9b3c38247,enterprises,Average compensation per month of employees in active enterprises having business outcomes by province,Total,VN_SRC_HOABINH,Hoa Binh,2019,annual,6573.7,Thousand VND,not_specified,E0535,https://www.nso.gov.vn/en/px-web?pxid=E0535&theme=Enterprise,source_reported_unharmonized
e0535_c9b3c38247,enterprises,Average compensation per month of employees in active enterprises having business outcomes by province,Total,VN_SRC_HOABINH,Hoa Binh,2020,annual,6368.9,Thousand VND,not_specified,E0535,https://www.nso.gov.vn/en/px-web?pxid=E0535&theme=Enterprise,source_reported_unharmonized
e0535_c9b3c38247,enterprises,Average compensation per month of employees in active enterprises having business outcomes by province,Total,VN_SRC_HOABINH,Hoa Binh,2021,annual,7020.03,Thousand VND,not_specified,E0535,https://www.nso.gov.vn/en/px-web?pxid=E0535&theme=Enterprise,source_reported_unharmonized
e0535_c9b3c38247,enterprises,Average compensation per month of employees in active enterprises having business outcomes by province,Total,VN_SRC_HOABINH,Hoa Binh,2022,annual,7583.93,Thousand VND,not_specified,E0535,https://www.nso.gov.vn/en/px-web?pxid=E0535&theme=Enterprise,source_reported_unharmonized
e0535_c9b3c38247,enterprises,Average compensation per month of employees in active enterprises having business outcomes by province,Total,VN_SRC_HOABINH,Hoa Binh,2023,annual,7931.7,Thousand VND,not_specified,E0535,https://www.nso.gov.vn/en/px-web?pxid=E0535&theme=Enterprise,source_reported_unharmonized
e0535_c9b3c38247,enterprises,Average compensation per month of employees in active enterprises having business outcomes by province,Total,VN_SRC_HOABINH,Hoa Binh,2024,annual,8949.66,Thousand VND,not_specified,E0535,https://www.nso.gov.vn/en/px-web?pxid=E0535&theme=Enterprise,source_reported_unharmonized
e0535_c9b3c38247,enterprises,Average compensation per month of employees in active enterprises having business outcomes by province,Total,VN_SRC_THANHHOA,Thanh Hoa,2010,annual,2316.0,Thousand VND,not_specified,E0535,https://www.nso.gov.vn/en/px-web?pxid=E0535&theme=Enterprise,source_reported_unharmonized
e0535_c9b3c38247,enterprises,Average compensation per month of employees in active enterprises having business outcomes by province,Total,VN_SRC_THANHHOA,Thanh Hoa,2015,annual,5201.0,Thousand VND,not_specified,E0535,https://www.nso.gov.vn/en/px-web?pxid=E0535&theme=Enterprise,source_reported_unharmonized
e0535_c9b3c38247,enterprises,Average compensation per month of employees in active enterprises having business outcomes by province,Total,VN_SRC_THANHHOA,Thanh Hoa,2016,annual,4805.0,Thousand VND,not_specified,E0535,https://www.nso.gov.vn/en/px-web?pxid=E0535&theme=Enterprise,source_reported_unharmonized
e0535_c9b3c38247,enterprises,Average compensation per month of employees in active enterprises having business outcomes by province,Total,VN_SRC_THANHHOA,Thanh Hoa,2017,annual,4910.0,Thousand VND,not_specified,E0535,https://www.nso.gov.vn/en/px-web?pxid=E0535&theme=Enterprise,source_reported_unharmonized
e0535_c9b3c38247,enterprises,Average compensation per month of employees in active enterprises having business outcomes by province,Total,VN_SRC_THANHHOA,Thanh Hoa,2018,annual,5095.76,Thousand VND,not_specified,E0535,https://www.nso.gov.vn/en/px-web?pxid=E0535&theme=Enterprise,source_reported_unharmonized
e0535_c9b3c38247,enterprises,Average compensation per month of employees in active enterprises having business outcomes by province,Total,VN_SRC_THANHHOA,Thanh Hoa,2019,annual,5327.48,Thousand VND,not_specified,E0535,https://www.nso.gov.vn/en/px-web?pxid=E0535&theme=Enterprise,source_reported_unharmonized
e0535_c9b3c38247,enterprises,Average compensation per month of employees in active enterprises having business outcomes by province,Total,VN_SRC_THANHHOA,Thanh Hoa,2020,annual,5629.12,Thousand VND,not_specified,E0535,https://www.nso.gov.vn/en/px-web?pxid=E0535&theme=Enterprise,source_reported_unharmonized
e0535_c9b3c38247,enterprises,Average compensation per month of employees in active enterprises having business outcomes by province,Total,VN_SRC_THANHHOA,Thanh Hoa,2021,annual,6504.57,Thousand VND,not_specified,E0535,https://www.nso.gov.vn/en/px-web?pxid=E0535&theme=Enterprise,source_reported_unharmonized
e0535_c9b3c38247,enterprises,Average compensation per month of employees in active enterprises having business outcomes by province,Total,VN_SRC_THANHHOA,Thanh Hoa,2022,annual,7637.65,Thousand VND,not_specified,E0535,https://www.nso.gov.vn/en/px-web?pxid=E0535&theme=Enterprise,source_reported_unharmonized
e0535_c9b3c38247,enterprises,Average compensation per month of employees in active enterprises having business outcomes by province,Total,VN_SRC_THANHHOA,Thanh Hoa,2023,annual,7506.96,Thousand VND,not_specified,E0535,https://www.nso.gov.vn/en/px-web?pxid=E0535&theme=Enterprise,source_reported_unharmonized
e0535_c9b3c38247,enterprises,Average compensation per month of employees in active enterprises having business outcomes by province,Total,VN_SRC_THANHHOA,Thanh Hoa,2024,annual,8109.16,Thousand VND,not_specified,E0535,https://www.nso.gov.vn/en/px-web?pxid=E0535&theme=Enterprise,source_reported_unharmonized
e0535_c9b3c38247,enterprises,Average compensation per month of employees in active enterprises having business outcomes by province,Total,VN_SRC_NGHEAN,Nghe An,2010,annual,2826.0,Thousand VND,not_specified,E0535,https://www.nso.gov.vn/en/px-web?pxid=E0535&theme=Enterprise,source_reported_unharmonized
e0535_c9b3c38247,enterprises,Average compensation per month of employees in active enterprises having business outcomes by province,Total,VN_SRC_NGHEAN,Nghe An,2015,annual,4440.0,Thousand VND,not_specified,E0535,https://www.nso.gov.vn/en/px-web?pxid=E0535&theme=Enterprise,source_reported_unharmonized
e0535_c9b3c38247,enterprises,Average compensation per month of employees in active enterprises having business outcomes by province,Total,VN_SRC_NGHEAN,Nghe An,2016,annual,5366.0,Thousand VND,not_specified,E0535,https://www.nso.gov.vn/en/px-web?pxid=E0535&theme=Enterprise,source_reported_unharmonized
e0535_c9b3c38247,enterprises,Average compensation per month of employees in active enterprises having business outcomes by province,Total,VN_SRC_NGHEAN,Nghe An,2017,annual,5534.0,Thousand VND,not_specified,E0535,https://www.nso.gov.vn/en/px-web?pxid=E0535&theme=Enterprise,source_reported_unharmonized
e0535_c9b3c38247,enterprises,Average compensation per month of employees in active enterprises having business outcomes by province,Total,VN_SRC_NGHEAN,Nghe An,2018,annual,5726.61,Thousand VND,not_specified,E0535,https://www.nso.gov.vn/en/px-web?pxid=E0535&theme=Enterprise,source_reported_unharmonized
e0535_c9b3c38247,enterprises,Average compensation per month of employees in active enterprises having business outcomes by province,Total,VN_SRC_NGHEAN,Nghe An,2019,annual,5745.25,Thousand VND,not_specified,E0535,https://www.nso.gov.vn/en/px-web?pxid=E0535&theme=Enterprise,source_reported_unharmonized
e0535_c9b3c38247,enterprises,Average compensation per month of employees in active enterprises having business outcomes by province,Total,VN_SRC_NGHEAN,Nghe An,2020,annual,6500.31,Thousand VND,not_specified,E0535,https://www.nso.gov.vn/en/px-web?pxid=E0535&theme=Enterprise,source_reported_unharmonized
e0535_c9b3c38247,enterprises,Average compensation per month of employees in active enterprises having business outcomes by province,Total,VN_SRC_NGHEAN,Nghe An,2021,annual,7461.37,Thousand VND,not_specified,E0535,https://www.nso.gov.vn/en/px-web?pxid=E0535&theme=Enterprise,source_reported_unharmonized
e0535_c9b3c38247,enterprises,Average compensation per month of employees in active enterprises having business outcomes by province,Total,VN_SRC_NGHEAN,Nghe An,2022,annual,7867.65,Thousand VND,not_specified,E0535,https://www.nso.gov.vn/en/px-web?pxid=E0535&theme=Enterprise,source_reported_unharmonized
e0535_c9b3c38247,enterprises,Average compensation per month of employees in active enterprises having business outcomes by province,Total,VN_SRC_NGHEAN,Nghe An,2023,annual,8546.69,Thousand VND,not_specified,E0535,https://www.nso.gov.vn/en/px-web?pxid=E0535&theme=Enterprise,source_reported_unharmonized
e0535_c9b3c38247,enterprises,Average compensation per month of employees in active enterprises having business outcomes by province,Total,VN_SRC_NGHEAN,Nghe An,2024,annual,9431.13,Thousand VND,not_specified,E0535,https://www.nso.gov.vn/en/px-web?pxid=E0535&theme=Enterprise,source_reported_unharmonized
e0535_c9b3c38247,enterprises,Average compensation per month of employees in active enterprises having business outcomes by province,Total,VN_SRC_HATINH,Ha Tinh,2010,annual,2651.0,Thousand VND,not_specified,E0535,https://www.nso.gov.vn/en/px-web?pxid=E0535&theme=Enterprise,source_reported_unharmonized
e0535_c9b3c38247,enterprises,Average compensation per month of employees in active enterprises having business outcomes by province,Total,VN_SRC_HATINH,Ha Tinh,2015,annual,4730.0,Thousand VND,not_specified,E0535,https://www.nso.gov.vn/en/px-web?pxid=E0535&theme=Enterprise,source_reported_unharmonized
e0535_c9b3c38247,enterprises,Average compensation per month of employees in active enterprises having business outcomes by province,Total,VN_SRC_HATINH,Ha Tinh,2016,annual,5893.0,Thousand VND,not_specified,E0535,https://www.nso.gov.vn/en/px-web?pxid=E0535&theme=Enterprise,source_reported_unharmonized
e0535_c9b3c38247,enterprises,Average compensation per month of employees in active enterprises having business outcomes by province,Total,VN_SRC_HATINH,Ha Tinh,2017,annual,6130.0,Thousand VND,not_specified,E0535,https://www.nso.gov.vn/en/px-web?pxid=E0535&theme=Enterprise,source_reported_unharmonized
e0535_c9b3c38247,enterprises,Average compensation per month of employees in active enterprises having business outcomes by province,Total,VN_SRC_HATINH,Ha Tinh,2018,annual,6506.76,Thousand VND,not_specified,E0535,https://www.nso.gov.vn/en/px-web?pxid=E0535&theme=Enterprise,source_reported_unharmonized
e0535_c9b3c38247,enterprises,Average compensation per month of employees in active enterprises having business outcomes by province,Total,VN_SRC_HATINH,Ha Tinh,2019,annual,7068.71,Thousand VND,not_specified,E0535,https://www.nso.gov.vn/en/px-web?pxid=E0535&theme=Enterprise,source_reported_unharmonized
e0535_c9b3c38247,enterprises,Average compensation per month of employees in active enterprises having business outcomes by province,Total,VN_SRC_HATINH,Ha Tinh,2020,annual,7259.08,Thousand VND,not_specified,E0535,https://www.nso.gov.vn/en/px-web?pxid=E0535&theme=Enterprise,source_reported_unharmonized
e0535_c9b3c38247,enterprises,Average compensation per month of employees in active enterprises having business outcomes by province,Total,VN_SRC_HATINH,Ha Tinh,2021,annual,7582.03,Thousand VND,not_specified,E0535,https://www.nso.gov.vn/en/px-web?pxid=E0535&theme=Enterprise,source_reported_unharmonized
e0535_c9b3c38247,enterprises,Average compensation per month of employees in active enterprises having business outcomes by province,Total,VN_SRC_HATINH,Ha Tinh,2022,annual,7443.5,Thousand VND,not_specified,E0535,https://www.nso.gov.vn/en/px-web?pxid=E0535&theme=Enterprise,source_reported_unharmonized
e0535_c9b3c38247,enterprises,Average compensation per month of employees in active enterprises having business outcomes by province,Total,VN_SRC_HATINH,Ha Tinh,2023,annual,7952.19,Thousand VND,not_specified,E0535,https://www.nso.gov.vn/en/px-web?pxid=E0535&theme=Enterprise,source_reported_unharmonized
e0535_c9b3c38247,enterprises,Average compensation per month of employees in active enterprises having business outcomes by province,Total,VN_SRC_HATINH,Ha Tinh,2024,annual,8879.4,Thousand VND,not_specified,E0535,https://www.nso.gov.vn/en/px-web?pxid=E0535&theme=Enterprise,source_reported_unharmonized
e0535_c9b3c38247,enterprises,Average compensation per month of employees in active enterprises having business outcomes by province,Total,VN_SRC_QUANGBINH,Quang Binh,2010,annual,2455.0,Thousand VND,not_specified,E0535,https://www.nso.gov.vn/en/px-web?pxid=E0535&theme=Enterprise,source_reported_unharmonized
e0535_c9b3c38247,enterprises,Average compensation per month of employees in active enterprises having business outcomes by province,Total,VN_SRC_QUANGBINH,Quang Binh,2015,annual,5873.0,Thousand VND,not_specified,E0535,https://www.nso.gov.vn/en/px-web?pxid=E0535&theme=Enterprise,source_reported_unharmonized
e0535_c9b3c38247,enterprises,Average compensation per month of employees in active enterprises having business outcomes by province,Total,VN_SRC_QUANGBINH,Quang Binh,2016,annual,4924.0,Thousand VND,not_specified,E0535,https://www.nso.gov.vn/en/px-web?pxid=E0535&theme=Enterprise,source_reported_unharmonized
e0535_c9b3c38247,enterprises,Average compensation per month of employees in active enterprises having business outcomes by province,Total,VN_SRC_QUANGBINH,Quang Binh,2017,annual,5208.0,Thousand VND,not_specified,E0535,https://www.nso.gov.vn/en/px-web?pxid=E0535&theme=Enterprise,source_reported_unharmonized
e0535_c9b3c38247,enterprises,Average compensation per month of employees in active enterprises having business outcomes by province,Total,VN_SRC_QUANGBINH,Quang Binh,2018,annual,5617.89,Thousand VND,not_specified,E0535,https://www.nso.gov.vn/en/px-web?pxid=E0535&theme=Enterprise,source_reported_unharmonized
e0535_c9b3c38247,enterprises,Average compensation per month of employees in active enterprises having business outcomes by province,Total,VN_SRC_QUANGBINH,Quang Binh,2019,annual,6320.6,Thousand VND,not_specified,E0535,https://www.nso.gov.vn/en/px-web?pxid=E0535&theme=Enterprise,source_reported_unharmonized
e0535_c9b3c38247,enterprises,Average compensation per month of employees in active enterprises having business outcomes by province,Total,VN_SRC_QUANGBINH,Quang Binh,2020,annual,5919.06,Thousand VND,not_specified,E0535,https://www.nso.gov.vn/en/px-web?pxid=E0535&theme=Enterprise,source_reported_unharmonized
e0535_c9b3c38247,enterprises,Average compensation per month of employees in active enterprises having business outcomes by province,Total,VN_SRC_QUANGBINH,Quang Binh,2021,annual,6507.69,Thousand VND,not_specified,E0535,https://www.nso.gov.vn/en/px-web?pxid=E0535&theme=Enterprise,source_reported_unharmonized
e0535_c9b3c38247,enterprises,Average compensation per month of employees in active enterprises having business outcomes by province,Total,VN_SRC_QUANGBINH,Quang Binh,2022,annual,7064.76,Thousand VND,not_specified,E0535,https://www.nso.gov.vn/en/px-web?pxid=E0535&theme=Enterprise,source_reported_unharmonized
e0535_c9b3c38247,enterprises,Average compensation per month of employees in active enterprises having business outcomes by province,Total,VN_SRC_QUANGBINH,Quang Binh,2023,annual,7698.27,Thousand VND,not_specified,E0535,https://www.nso.gov.vn/en/px-web?pxid=E0535&theme=Enterprise,source_reported_unharmonized
e0535_c9b3c38247,enterprises,Average compensation per month of employees in active enterprises having business outcomes by province,Total,VN_SRC_QUANGBINH,Quang Binh,2024,annual,7734.66,Thousand VND,not_specified,E0535,https://www.nso.gov.vn/en/px-web?pxid=E0535&theme=Enterprise,source_reported_unharmonized
e0535_c9b3c38247,enterprises,Average compensation per month of employees in active enterprises having business outcomes by province,Total,VN_SRC_QUANGTRI,Quang Tri,2010,annual,2963.0,Thousand VND,not_specified,E0535,https://www.nso.gov.vn/en/px-web?pxid=E0535&theme=Enterprise,source_reported_unharmonized
e0535_c9b3c38247,enterprises,Average compensation per month of employees in active enterprises having business outcomes by province,Total,VN_SRC_QUANGTRI,Quang Tri,2015,annual,4840.0,Thousand VND,not_specified,E0535,https://www.nso.gov.vn/en/px-web?pxid=E0535&theme=Enterprise,source_reported_unharmonized
e0535_c9b3c38247,enterprises,Average compensation per month of employees in active enterprises having business outcomes by province,Total,VN_SRC_QUANGTRI,Quang Tri,2016,annual,5204.0,Thousand VND,not_specified,E0535,https://www.nso.gov.vn/en/px-web?pxid=E0535&theme=Enterprise,source_reported_unharmonized
e0535_c9b3c38247,enterprises,Average compensation per month of employees in active enterprises having business outcomes by province,Total,VN_SRC_QUANGTRI,Quang Tri,2017,annual,5721.0,Thousand VND,not_specified,E0535,https://www.nso.gov.vn/en/px-web?pxid=E0535&theme=Enterprise,source_reported_unharmonized
e0535_c9b3c38247,enterprises,Average compensation per month of employees in active enterprises having business outcomes by province,Total,VN_SRC_QUANGTRI,Quang Tri,2018,annual,5721.55,Thousand VND,not_specified,E0535,https://www.nso.gov.vn/en/px-web?pxid=E0535&theme=Enterprise,source_reported_unharmonized
e0535_c9b3c38247,enterprises,Average compensation per month of employees in active enterprises having business outcomes by province,Total,VN_SRC_QUANGTRI,Quang Tri,2019,annual,5777.2,Thousand VND,not_specified,E0535,https://www.nso.gov.vn/en/px-web?pxid=E0535&theme=Enterprise,source_reported_unharmonized
e0535_c9b3c38247,enterprises,Average compensation per month of employees in active enterprises having business outcomes by province,Total,VN_SRC_QUANGTRI,Quang Tri,2020,annual,5549.63,Thousand VND,not_specified,E0535,https://www.nso.gov.vn/en/px-web?pxid=E0535&theme=Enterprise,source_reported_unharmonized
e0535_c9b3c38247,enterprises,Average compensation per month of employees in active enterprises having business outcomes by province,Total,VN_SRC_QUANGTRI,Quang Tri,2021,annual,5770.76,Thousand VND,not_specified,E0535,https://www.nso.gov.vn/en/px-web?pxid=E0535&theme=Enterprise,source_reported_unharmonized
e0535_c9b3c38247,enterprises,Average compensation per month of employees in active enterprises having business outcomes by province,Total,VN_SRC_QUANGTRI,Quang Tri,2022,annual,6896.59,Thousand VND,not_specified,E0535,https://www.nso.gov.vn/en/px-web?pxid=E0535&theme=Enterprise,source_reported_unharmonized
e0535_c9b3c38247,enterprises,Average compensation per month of employees in active enterprises having business outcomes by province,Total,VN_SRC_QUANGTRI,Quang Tri,2023,annual,7245.73,Thousand VND,not_specified,E0535,https://www.nso.gov.vn/en/px-web?pxid=E0535&theme=Enterprise,source_reported_unharmonized
e0535_c9b3c38247,enterprises,Average compensation per month of employees in active enterprises having business outcomes by province,Total,VN_SRC_QUANGTRI,Quang Tri,2024,annual,8014.05,Thousand VND,not_specified,E0535,https://www.nso.gov.vn/en/px-web?pxid=E0535&theme=Enterprise,source_reported_unharmonized
e0535_c9b3c38247,enterprises,Average compensation per month of employees in active enterprises having business outcomes by province,Total,VN_SRC_THUATHIENHUE,Thua Thien-Hue,2010,annual,2606.0,Thousand VND,not_specified,E0535,https://www.nso.gov.vn/en/px-web?pxid=E0535&theme=Enterprise,source_reported_unharmonized
e0535_c9b3c38247,enterprises,Average compensation per month of employees in active enterprises having business outcomes by province,Total,VN_SRC_THUATHIENHUE,Thua Thien-Hue,2015,annual,4718.0,Thousand VND,not_specified,E0535,https://www.nso.gov.vn/en/px-web?pxid=E0535&theme=Enterprise,source_reported_unharmonized
e0535_c9b3c38247,enterprises,Average compensation per month of employees in active enterprises having business outcomes by province,Total,VN_SRC_THUATHIENHUE,Thua Thien-Hue,2016,annual,4850.0,Thousand VND,not_specified,E0535,https://www.nso.gov.vn/en/px-web?pxid=E0535&theme=Enterprise,source_reported_unharmonized
e0535_c9b3c38247,enterprises,Average compensation per month of employees in active enterprises having business outcomes by province,Total,VN_SRC_THUATHIENHUE,Thua Thien-Hue,2017,annual,5456.0,Thousand VND,not_specified,E0535,https://www.nso.gov.vn/en/px-web?pxid=E0535&theme=Enterprise,source_reported_unharmonized
e0535_c9b3c38247,enterprises,Average compensation per month of employees in active enterprises having business outcomes by province,Total,VN_SRC_THUATHIENHUE,Thua Thien-Hue,2018,annual,5755.94,Thousand VND,not_specified,E0535,https://www.nso.gov.vn/en/px-web?pxid=E0535&theme=Enterprise,source_reported_unharmonized
e0535_c9b3c38247,enterprises,Average compensation per month of employees in active enterprises having business outcomes by province,Total,VN_SRC_THUATHIENHUE,Thua Thien-Hue,2019,annual,6144.0,Thousand VND,not_specified,E0535,https://www.nso.gov.vn/en/px-web?pxid=E0535&theme=Enterprise,source_reported_unharmonized
e0535_c9b3c38247,enterprises,Average compensation per month of employees in active enterprises having business outcomes by province,Total,VN_SRC_THUATHIENHUE,Thua Thien-Hue,2020,annual,6424.84,Thousand VND,not_specified,E0535,https://www.nso.gov.vn/en/px-web?pxid=E0535&theme=Enterprise,source_reported_unharmonized
e0535_c9b3c38247,enterprises,Average compensation per month of employees in active enterprises having business outcomes by province,Total,VN_SRC_THUATHIENHUE,Thua Thien-Hue,2021,annual,6960.47,Thousand VND,not_specified,E0535,https://www.nso.gov.vn/en/px-web?pxid=E0535&theme=Enterprise,source_reported_unharmonized
e0535_c9b3c38247,enterprises,Average compensation per month of employees in active enterprises having business outcomes by province,Total,VN_SRC_THUATHIENHUE,Thua Thien-Hue,2022,annual,7544.37,Thousand VND,not_specified,E0535,https://www.nso.gov.vn/en/px-web?pxid=E0535&theme=Enterprise,source_reported_unharmonized
e0535_c9b3c38247,enterprises,Average compensation per month of employees in active enterprises having business outcomes by province,Total,VN_SRC_THUATHIENHUE,Thua Thien-Hue,2023,annual,7968.03,Thousand VND,not_specified,E0535,https://www.nso.gov.vn/en/px-web?pxid=E0535&theme=Enterprise,source_reported_unharmonized
e0535_c9b3c38247,enterprises,Average compensation per month of employees in active enterprises having business outcomes by province,Total,VN_SRC_THUATHIENHUE,Thua Thien-Hue,2024,annual,8822.28,Thousand VND,not_specified,E0535,https://www.nso.gov.vn/en/px-web?pxid=E0535&theme=Enterprise,source_reported_unharmonized
e0535_c9b3c38247,enterprises,Average compensation per month of employees in active enterprises having business outcomes by province,Total,VN_SRC_DANANG,Da Nang,2010,annual,3368.0,Thousand VND,not_specified,E0535,https://www.nso.gov.vn/en/px-web?pxid=E0535&theme=Enterprise,source_reported_unharmonized
e0535_c9b3c38247,enterprises,Average compensation per month of employees in active enterprises having business outcomes by province,Total,VN_SRC_DANANG,Da Nang,2015,annual,6179.0,Thousand VND,not_specified,E0535,https://www.nso.gov.vn/en/px-web?pxid=E0535&theme=Enterprise,source_reported_unharmonized
e0535_c9b3c38247,enterprises,Average compensation per month of employees in active enterprises having business outcomes by province,Total,VN_SRC_DANANG,Da Nang,2016,annual,6619.0,Thousand VND,not_specified,E0535,https://www.nso.gov.vn/en/px-web?pxid=E0535&theme=Enterprise,source_reported_unharmonized
e0535_c9b3c38247,enterprises,Average compensation per month of employees in active enterprises having business outcomes by province,Total,VN_SRC_DANANG,Da Nang,2017,annual,7242.0,Thousand VND,not_specified,E0535,https://www.nso.gov.vn/en/px-web?pxid=E0535&theme=Enterprise,source_reported_unharmonized
e0535_c9b3c38247,enterprises,Average compensation per month of employees in active enterprises having business outcomes by province,Total,VN_SRC_DANANG,Da Nang,2018,annual,7650.75,Thousand VND,not_specified,E0535,https://www.nso.gov.vn/en/px-web?pxid=E0535&theme=Enterprise,source_reported_unharmonized
e0535_c9b3c38247,enterprises,Average compensation per month of employees in active enterprises having business outcomes by province,Total,VN_SRC_DANANG,Da Nang,2019,annual,8448.92,Thousand VND,not_specified,E0535,https://www.nso.gov.vn/en/px-web?pxid=E0535&theme=Enterprise,source_reported_unharmonized
e0535_c9b3c38247,enterprises,Average compensation per month of employees in active enterprises having business outcomes by province,Total,VN_SRC_DANANG,Da Nang,2020,annual,8026.95,Thousand VND,not_specified,E0535,https://www.nso.gov.vn/en/px-web?pxid=E0535&theme=Enterprise,source_reported_unharmonized
e0535_c9b3c38247,enterprises,Average compensation per month of employees in active enterprises having business outcomes by province,Total,VN_SRC_DANANG,Da Nang,2021,annual,8813.17,Thousand VND,not_specified,E0535,https://www.nso.gov.vn/en/px-web?pxid=E0535&theme=Enterprise,source_reported_unharmonized
e0535_c9b3c38247,enterprises,Average compensation per month of employees in active enterprises having business outcomes by province,Total,VN_SRC_DANANG,Da Nang,2022,annual,10244.7,Thousand VND,not_specified,E0535,https://www.nso.gov.vn/en/px-web?pxid=E0535&theme=Enterprise,source_reported_unharmonized
e0535_c9b3c38247,enterprises,Average compensation per month of employees in active enterprises having business outcomes by province,Total,VN_SRC_DANANG,Da Nang,2023,annual,10948.26,Thousand VND,not_specified,E0535,https://www.nso.gov.vn/en/px-web?pxid=E0535&theme=Enterprise,source_reported_unharmonized
e0535_c9b3c38247,enterprises,Average compensation per month of employees in active enterprises having business outcomes by province,Total,VN_SRC_DANANG,Da Nang,2024,annual,11653.3,Thousand VND,not_specified,E0535,https://www.nso.gov.vn/en/px-web?pxid=E0535&theme=Enterprise,source_reported_unharmonized
e0535_c9b3c38247,enterprises,Average compensation per month of employees in active enterprises having business outcomes by province,Total,VN_SRC_QUANGNAM,Quang Nam,2010,annual,2523.0,Thousand VND,not_specified,E0535,https://www.nso.gov.vn/en/px-web?pxid=E0535&theme=Enterprise,source_reported_unharmonized
e0535_c9b3c38247,enterprises,Average compensation per month of employees in active enterprises having business outcomes by province,Total,VN_SRC_QUANGNAM,Quang Nam,2015,annual,4984.0,Thousand VND,not_specified,E0535,https://www.nso.gov.vn/en/px-web?pxid=E0535&theme=Enterprise,source_reported_unharmonized
e0535_c9b3c38247,enterprises,Average compensation per month of employees in active enterprises having business outcomes by province,Total,VN_SRC_QUANGNAM,Quang Nam,2016,annual,5186.0,Thousand VND,not_specified,E0535,https://www.nso.gov.vn/en/px-web?pxid=E0535&theme=Enterprise,source_reported_unharmonized
e0535_c9b3c38247,enterprises,Average compensation per month of employees in active enterprises having business outcomes by province,Total,VN_SRC_QUANGNAM,Quang Nam,2017,annual,5578.0,Thousand VND,not_specified,E0535,https://www.nso.gov.vn/en/px-web?pxid=E0535&theme=Enterprise,source_reported_unharmonized
e0535_c9b3c38247,enterprises,Average compensation per month of employees in active enterprises having business outcomes by province,Total,VN_SRC_QUANGNAM,Quang Nam,2018,annual,6083.76,Thousand VND,not_specified,E0535,https://www.nso.gov.vn/en/px-web?pxid=E0535&theme=Enterprise,source_reported_unharmonized
e0535_c9b3c38247,enterprises,Average compensation per month of employees in active enterprises having business outcomes by province,Total,VN_SRC_QUANGNAM,Quang Nam,2019,annual,6495.38,Thousand VND,not_specified,E0535,https://www.nso.gov.vn/en/px-web?pxid=E0535&theme=Enterprise,source_reported_unharmonized
e0535_c9b3c38247,enterprises,Average compensation per month of employees in active enterprises having business outcomes by province,Total,VN_SRC_QUANGNAM,Quang Nam,2020,annual,6283.0,Thousand VND,not_specified,E0535,https://www.nso.gov.vn/en/px-web?pxid=E0535&theme=Enterprise,source_reported_unharmonized
e0535_c9b3c38247,enterprises,Average compensation per month of employees in active enterprises having business outcomes by province,Total,VN_SRC_QUANGNAM,Quang Nam,2021,annual,8152.08,Thousand VND,not_specified,E0535,https://www.nso.gov.vn/en/px-web?pxid=E0535&theme=Enterprise,source_reported_unharmonized
e0535_c9b3c38247,enterprises,Average compensation per month of employees in active enterprises having business outcomes by province,Total,VN_SRC_QUANGNAM,Quang Nam,2022,annual,8562.14,Thousand VND,not_specified,E0535,https://www.nso.gov.vn/en/px-web?pxid=E0535&theme=Enterprise,source_reported_unharmonized
e0535_c9b3c38247,enterprises,Average compensation per month of employees in active enterprises having business outcomes by province,Total,VN_SRC_QUANGNAM,Quang Nam,2023,annual,8600.09,Thousand VND,not_specified,E0535,https://www.nso.gov.vn/en/px-web?pxid=E0535&theme=Enterprise,source_reported_unharmonized
e0535_c9b3c38247,enterprises,Average compensation per month of employees in active enterprises having business outcomes by province,Total,VN_SRC_QUANGNAM,Quang Nam,2024,annual,9105.06,Thousand VND,not_specified,E0535,https://www.nso.gov.vn/en/px-web?pxid=E0535&theme=Enterprise,source_reported_unharmonized
e0535_c9b3c38247,enterprises,Average compensation per month of employees in active enterprises having business outcomes by province,Total,VN_SRC_QUANGNGAI,Quang Ngai,2010,annual,3257.0,Thousand VND,not_specified,E0535,https://www.nso.gov.vn/en/px-web?pxid=E0535&theme=Enterprise,source_reported_unharmonized
e0535_c9b3c38247,enterprises,Average compensation per month of employees in active enterprises having business outcomes by province,Total,VN_SRC_QUANGNGAI,Quang Ngai,2015,annual,6777.0,Thousand VND,not_specified,E0535,https://www.nso.gov.vn/en/px-web?pxid=E0535&theme=Enterprise,source_reported_unharmonized
e0535_c9b3c38247,enterprises,Average compensation per month of employees in active enterprises having business outcomes by province,Total,VN_SRC_QUANGNGAI,Quang Ngai,2016,annual,7356.0,Thousand VND,not_specified,E0535,https://www.nso.gov.vn/en/px-web?pxid=E0535&theme=Enterprise,source_reported_unharmonized
e0535_c9b3c38247,enterprises,Average compensation per month of employees in active enterprises having business outcomes by province,Total,VN_SRC_QUANGNGAI,Quang Ngai,2017,annual,7864.0,Thousand VND,not_specified,E0535,https://www.nso.gov.vn/en/px-web?pxid=E0535&theme=Enterprise,source_reported_unharmonized
e0535_c9b3c38247,enterprises,Average compensation per month of employees in active enterprises having business outcomes by province,Total,VN_SRC_QUANGNGAI,Quang Ngai,2018,annual,8171.65,Thousand VND,not_specified,E0535,https://www.nso.gov.vn/en/px-web?pxid=E0535&theme=Enterprise,source_reported_unharmonized
e0535_c9b3c38247,enterprises,Average compensation per month of employees in active enterprises having business outcomes by province,Total,VN_SRC_QUANGNGAI,Quang Ngai,2019,annual,8155.99,Thousand VND,not_specified,E0535,https://www.nso.gov.vn/en/px-web?pxid=E0535&theme=Enterprise,source_reported_unharmonized
e0535_c9b3c38247,enterprises,Average compensation per month of employees in active enterprises having business outcomes by province,Total,VN_SRC_QUANGNGAI,Quang Ngai,2020,annual,8595.34,Thousand VND,not_specified,E0535,https://www.nso.gov.vn/en/px-web?pxid=E0535&theme=Enterprise,source_reported_unharmonized
e0535_c9b3c38247,enterprises,Average compensation per month of employees in active enterprises having business outcomes by province,Total,VN_SRC_QUANGNGAI,Quang Ngai,2021,annual,9705.92,Thousand VND,not_specified,E0535,https://www.nso.gov.vn/en/px-web?pxid=E0535&theme=Enterprise,source_reported_unharmonized
e0535_c9b3c38247,enterprises,Average compensation per month of employees in active enterprises having business outcomes by province,Total,VN_SRC_QUANGNGAI,Quang Ngai,2022,annual,9222.4,Thousand VND,not_specified,E0535,https://www.nso.gov.vn/en/px-web?pxid=E0535&theme=Enterprise,source_reported_unharmonized
e0535_c9b3c38247,enterprises,Average compensation per month of employees in active enterprises having business outcomes by province,Total,VN_SRC_QUANGNGAI,Quang Ngai,2023,annual,9439.18,Thousand VND,not_specified,E0535,https://www.nso.gov.vn/en/px-web?pxid=E0535&theme=Enterprise,source_reported_unharmonized
e0535_c9b3c38247,enterprises,Average compensation per month of employees in active enterprises having business outcomes by province,Total,VN_SRC_QUANGNGAI,Quang Ngai,2024,annual,10666.6,Thousand VND,not_specified,E0535,https://www.nso.gov.vn/en/px-web?pxid=E0535&theme=Enterprise,source_reported_unharmonized
e0535_c9b3c38247,enterprises,Average compensation per month of employees in active enterprises having business outcomes by province,Total,VN_SRC_BINHDINH,Binh Dinh,2010,annual,2645.0,Thousand VND,not_specified,E0535,https://www.nso.gov.vn/en/px-web?pxid=E0535&theme=Enterprise,source_reported_unharmonized
e0535_c9b3c38247,enterprises,Average compensation per month of employees in active enterprises having business outcomes by province,Total,VN_SRC_BINHDINH,Binh Dinh,2015,annual,4958.0,Thousand VND,not_specified,E0535,https://www.nso.gov.vn/en/px-web?pxid=E0535&theme=Enterprise,source_reported_unharmonized
e0535_c9b3c38247,enterprises,Average compensation per month of employees in active enterprises having business outcomes by province,Total,VN_SRC_BINHDINH,Binh Dinh,2016,annual,4994.0,Thousand VND,not_specified,E0535,https://www.nso.gov.vn/en/px-web?pxid=E0535&theme=Enterprise,source_reported_unharmonized
e0535_c9b3c38247,enterprises,Average compensation per month of employees in active enterprises having business outcomes by province,Total,VN_SRC_BINHDINH,Binh Dinh,2017,annual,5423.0,Thousand VND,not_specified,E0535,https://www.nso.gov.vn/en/px-web?pxid=E0535&theme=Enterprise,source_reported_unharmonized
e0535_c9b3c38247,enterprises,Average compensation per month of employees in active enterprises having business outcomes by province,Total,VN_SRC_BINHDINH,Binh Dinh,2018,annual,5747.82,Thousand VND,not_specified,E0535,https://www.nso.gov.vn/en/px-web?pxid=E0535&theme=Enterprise,source_reported_unharmonized
e0535_c9b3c38247,enterprises,Average compensation per month of employees in active enterprises having business outcomes by province,Total,VN_SRC_BINHDINH,Binh Dinh,2019,annual,6250.15,Thousand VND,not_specified,E0535,https://www.nso.gov.vn/en/px-web?pxid=E0535&theme=Enterprise,source_reported_unharmonized
e0535_c9b3c38247,enterprises,Average compensation per month of employees in active enterprises having business outcomes by province,Total,VN_SRC_BINHDINH,Binh Dinh,2020,annual,6886.19,Thousand VND,not_specified,E0535,https://www.nso.gov.vn/en/px-web?pxid=E0535&theme=Enterprise,source_reported_unharmonized
e0535_c9b3c38247,enterprises,Average compensation per month of employees in active enterprises having business outcomes by province,Total,VN_SRC_BINHDINH,Binh Dinh,2021,annual,7322.92,Thousand VND,not_specified,E0535,https://www.nso.gov.vn/en/px-web?pxid=E0535&theme=Enterprise,source_reported_unharmonized
e0535_c9b3c38247,enterprises,Average compensation per month of employees in active enterprises having business outcomes by province,Total,VN_SRC_BINHDINH,Binh Dinh,2022,annual,7642.59,Thousand VND,not_specified,E0535,https://www.nso.gov.vn/en/px-web?pxid=E0535&theme=Enterprise,source_reported_unharmonized
e0535_c9b3c38247,enterprises,Average compensation per month of employees in active enterprises having business outcomes by province,Total,VN_SRC_BINHDINH,Binh Dinh,2023,annual,7729.8,Thousand VND,not_specified,E0535,https://www.nso.gov.vn/en/px-web?pxid=E0535&theme=Enterprise,source_reported_unharmonized
e0535_c9b3c38247,enterprises,Average compensation per month of employees in active enterprises having business outcomes by province,Total,VN_SRC_BINHDINH,Binh Dinh,2024,annual,8402.71,Thousand VND,not_specified,E0535,https://www.nso.gov.vn/en/px-web?pxid=E0535&theme=Enterprise,source_reported_unharmonized
e0535_c9b3c38247,enterprises,Average compensation per month of employees in active enterprises having business outcomes by province,Total,VN_SRC_PHUYEN,Phu Yen,2010,annual,1890.0,Thousand VND,not_specified,E0535,https://www.nso.gov.vn/en/px-web?pxid=E0535&theme=Enterprise,source_reported_unharmonized
e0535_c9b3c38247,enterprises,Average compensation per month of employees in active enterprises having business outcomes by province,Total,VN_SRC_PHUYEN,Phu Yen,2015,annual,4672.0,Thousand VND,not_specified,E0535,https://www.nso.gov.vn/en/px-web?pxid=E0535&theme=Enterprise,source_reported_unharmonized
e0535_c9b3c38247,enterprises,Average compensation per month of employees in active enterprises having business outcomes by province,Total,VN_SRC_PHUYEN,Phu Yen,2016,annual,4782.0,Thousand VND,not_specified,E0535,https://www.nso.gov.vn/en/px-web?pxid=E0535&theme=Enterprise,source_reported_unharmonized
e0535_c9b3c38247,enterprises,Average compensation per month of employees in active enterprises having business outcomes by province,Total,VN_SRC_PHUYEN,Phu Yen,2017,annual,5416.0,Thousand VND,not_specified,E0535,https://www.nso.gov.vn/en/px-web?pxid=E0535&theme=Enterprise,source_reported_unharmonized
e0535_c9b3c38247,enterprises,Average compensation per month of employees in active enterprises having business outcomes by province,Total,VN_SRC_PHUYEN,Phu Yen,2018,annual,5484.46,Thousand VND,not_specified,E0535,https://www.nso.gov.vn/en/px-web?pxid=E0535&theme=Enterprise,source_reported_unharmonized
e0535_c9b3c38247,enterprises,Average compensation per month of employees in active enterprises having business outcomes by province,Total,VN_SRC_PHUYEN,Phu Yen,2019,annual,5623.13,Thousand VND,not_specified,E0535,https://www.nso.gov.vn/en/px-web?pxid=E0535&theme=Enterprise,source_reported_unharmonized
e0535_c9b3c38247,enterprises,Average compensation per month of employees in active enterprises having business outcomes by province,Total,VN_SRC_PHUYEN,Phu Yen,2020,annual,5657.16,Thousand VND,not_specified,E0535,https://www.nso.gov.vn/en/px-web?pxid=E0535&theme=Enterprise,source_reported_unharmonized
e0535_c9b3c38247,enterprises,Average compensation per month of employees in active enterprises having business outcomes by province,Total,VN_SRC_PHUYEN,Phu Yen,2021,annual,6222.45,Thousand VND,not_specified,E0535,https://www.nso.gov.vn/en/px-web?pxid=E0535&theme=Enterprise,source_reported_unharmonized
e0535_c9b3c38247,enterprises,Average compensation per month of employees in active enterprises having business outcomes by province,Total,VN_SRC_PHUYEN,Phu Yen,2022,annual,6844.47,Thousand VND,not_specified,E0535,https://www.nso.gov.vn/en/px-web?pxid=E0535&theme=Enterprise,source_reported_unharmonized
e0535_c9b3c38247,enterprises,Average compensation per month of employees in active enterprises having business outcomes by province,Total,VN_SRC_PHUYEN,Phu Yen,2023,annual,7484.57,Thousand VND,not_specified,E0535,https://www.nso.gov.vn/en/px-web?pxid=E0535&theme=Enterprise,source_reported_unharmonized
e0535_c9b3c38247,enterprises,Average compensation per month of employees in active enterprises having business outcomes by province,Total,VN_SRC_PHUYEN,Phu Yen,2024,annual,8153.3,Thousand VND,not_specified,E0535,https://www.nso.gov.vn/en/px-web?pxid=E0535&theme=Enterprise,source_reported_unharmonized
e0535_c9b3c38247,enterprises,Average compensation per month of employees in active enterprises having business outcomes by province,Total,VN_SRC_KHANHHOA,Khanh Hoa,2010,annual,3229.0,Thousand VND,not_specified,E0535,https://www.nso.gov.vn/en/px-web?pxid=E0535&theme=Enterprise,source_reported_unharmonized
e0535_c9b3c38247,enterprises,Average compensation per month of employees in active enterprises having business outcomes by province,Total,VN_SRC_KHANHHOA,Khanh Hoa,2015,annual,5551.0,Thousand VND,not_specified,E0535,https://www.nso.gov.vn/en/px-web?pxid=E0535&theme=Enterprise,source_reported_unharmonized
e0535_c9b3c38247,enterprises,Average compensation per month of employees in active enterprises having business outcomes by province,Total,VN_SRC_KHANHHOA,Khanh Hoa,2016,annual,5669.0,Thousand VND,not_specified,E0535,https://www.nso.gov.vn/en/px-web?pxid=E0535&theme=Enterprise,source_reported_unharmonized
e0535_c9b3c38247,enterprises,Average compensation per month of employees in active enterprises having business outcomes by province,Total,VN_SRC_KHANHHOA,Khanh Hoa,2017,annual,6557.0,Thousand VND,not_specified,E0535,https://www.nso.gov.vn/en/px-web?pxid=E0535&theme=Enterprise,source_reported_unharmonized
e0535_c9b3c38247,enterprises,Average compensation per month of employees in active enterprises having business outcomes by province,Total,VN_SRC_KHANHHOA,Khanh Hoa,2018,annual,7418.1,Thousand VND,not_specified,E0535,https://www.nso.gov.vn/en/px-web?pxid=E0535&theme=Enterprise,source_reported_unharmonized
e0535_c9b3c38247,enterprises,Average compensation per month of employees in active enterprises having business outcomes by province,Total,VN_SRC_KHANHHOA,Khanh Hoa,2019,annual,6982.27,Thousand VND,not_specified,E0535,https://www.nso.gov.vn/en/px-web?pxid=E0535&theme=Enterprise,source_reported_unharmonized
e0535_c9b3c38247,enterprises,Average compensation per month of employees in active enterprises having business outcomes by province,Total,VN_SRC_KHANHHOA,Khanh Hoa,2020,annual,7914.55,Thousand VND,not_specified,E0535,https://www.nso.gov.vn/en/px-web?pxid=E0535&theme=Enterprise,source_reported_unharmonized
e0535_c9b3c38247,enterprises,Average compensation per month of employees in active enterprises having business outcomes by province,Total,VN_SRC_KHANHHOA,Khanh Hoa,2021,annual,7903.35,Thousand VND,not_specified,E0535,https://www.nso.gov.vn/en/px-web?pxid=E0535&theme=Enterprise,source_reported_unharmonized
e0535_c9b3c38247,enterprises,Average compensation per month of employees in active enterprises having business outcomes by province,Total,VN_SRC_KHANHHOA,Khanh Hoa,2022,annual,9946.84,Thousand VND,not_specified,E0535,https://www.nso.gov.vn/en/px-web?pxid=E0535&theme=Enterprise,source_reported_unharmonized
e0535_c9b3c38247,enterprises,Average compensation per month of employees in active enterprises having business outcomes by province,Total,VN_SRC_KHANHHOA,Khanh Hoa,2023,annual,10508.23,Thousand VND,not_specified,E0535,https://www.nso.gov.vn/en/px-web?pxid=E0535&theme=Enterprise,source_reported_unharmonized
e0535_c9b3c38247,enterprises,Average compensation per month of employees in active enterprises having business outcomes by province,Total,VN_SRC_KHANHHOA,Khanh Hoa,2024,annual,9896.52,Thousand VND,not_specified,E0535,https://www.nso.gov.vn/en/px-web?pxid=E0535&theme=Enterprise,source_reported_unharmonized
e0535_c9b3c38247,enterprises,Average compensation per month of employees in active enterprises having business outcomes by province,Total,VN_SRC_NINHTHUAN,Ninh Thuan,2010,annual,3001.0,Thousand VND,not_specified,E0535,https://www.nso.gov.vn/en/px-web?pxid=E0535&theme=Enterprise,source_reported_unharmonized
e0535_c9b3c38247,enterprises,Average compensation per month of employees in active enterprises having business outcomes by province,Total,VN_SRC_NINHTHUAN,Ninh Thuan,2015,annual,5207.0,Thousand VND,not_specified,E0535,https://www.nso.gov.vn/en/px-web?pxid=E0535&theme=Enterprise,source_reported_unharmonized
e0535_c9b3c38247,enterprises,Average compensation per month of employees in active enterprises having business outcomes by province,Total,VN_SRC_NINHTHUAN,Ninh Thuan,2016,annual,5635.0,Thousand VND,not_specified,E0535,https://www.nso.gov.vn/en/px-web?pxid=E0535&theme=Enterprise,source_reported_unharmonized
e0535_c9b3c38247,enterprises,Average compensation per month of employees in active enterprises having business outcomes by province,Total,VN_SRC_NINHTHUAN,Ninh Thuan,2017,annual,5744.0,Thousand VND,not_specified,E0535,https://www.nso.gov.vn/en/px-web?pxid=E0535&theme=Enterprise,source_reported_unharmonized
e0535_c9b3c38247,enterprises,Average compensation per month of employees in active enterprises having business outcomes by province,Total,VN_SRC_NINHTHUAN,Ninh Thuan,2018,annual,6587.27,Thousand VND,not_specified,E0535,https://www.nso.gov.vn/en/px-web?pxid=E0535&theme=Enterprise,source_reported_unharmonized
e0535_c9b3c38247,enterprises,Average compensation per month of employees in active enterprises having business outcomes by province,Total,VN_SRC_NINHTHUAN,Ninh Thuan,2019,annual,6784.21,Thousand VND,not_specified,E0535,https://www.nso.gov.vn/en/px-web?pxid=E0535&theme=Enterprise,source_reported_unharmonized
e0535_c9b3c38247,enterprises,Average compensation per month of employees in active enterprises having business outcomes by province,Total,VN_SRC_NINHTHUAN,Ninh Thuan,2020,annual,6946.67,Thousand VND,not_specified,E0535,https://www.nso.gov.vn/en/px-web?pxid=E0535&theme=Enterprise,source_reported_unharmonized
e0535_c9b3c38247,enterprises,Average compensation per month of employees in active enterprises having business outcomes by province,Total,VN_SRC_NINHTHUAN,Ninh Thuan,2021,annual,7976.86,Thousand VND,not_specified,E0535,https://www.nso.gov.vn/en/px-web?pxid=E0535&theme=Enterprise,source_reported_unharmonized
e0535_c9b3c38247,enterprises,Average compensation per month of employees in active enterprises having business outcomes by province,Total,VN_SRC_NINHTHUAN,Ninh Thuan,2022,annual,8201.6,Thousand VND,not_specified,E0535,https://www.nso.gov.vn/en/px-web?pxid=E0535&theme=Enterprise,source_reported_unharmonized
e0535_c9b3c38247,enterprises,Average compensation per month of employees in active enterprises having business outcomes by province,Total,VN_SRC_NINHTHUAN,Ninh Thuan,2023,annual,8084.39,Thousand VND,not_specified,E0535,https://www.nso.gov.vn/en/px-web?pxid=E0535&theme=Enterprise,source_reported_unharmonized
e0535_c9b3c38247,enterprises,Average compensation per month of employees in active enterprises having business outcomes by province,Total,VN_SRC_NINHTHUAN,Ninh Thuan,2024,annual,9030.05,Thousand VND,not_specified,E0535,https://www.nso.gov.vn/en/px-web?pxid=E0535&theme=Enterprise,source_reported_unharmonized
e0535_c9b3c38247,enterprises,Average compensation per month of employees in active enterprises having business outcomes by province,Total,VN_SRC_BINHTHUAN,Binh Thuan,2010,annual,2793.0,Thousand VND,not_specified,E0535,https://www.nso.gov.vn/en/px-web?pxid=E0535&theme=Enterprise,source_reported_unharmonized
e0535_c9b3c38247,enterprises,Average compensation per month of employees in active enterprises having business outcomes by province,Total,VN_SRC_BINHTHUAN,Binh Thuan,2015,annual,4261.0,Thousand VND,not_specified,E0535,https://www.nso.gov.vn/en/px-web?pxid=E0535&theme=Enterprise,source_reported_unharmonized
e0535_c9b3c38247,enterprises,Average compensation per month of employees in active enterprises having business outcomes by province,Total,VN_SRC_BINHTHUAN,Binh Thuan,2016,annual,4628.0,Thousand VND,not_specified,E0535,https://www.nso.gov.vn/en/px-web?pxid=E0535&theme=Enterprise,source_reported_unharmonized
e0535_c9b3c38247,enterprises,Average compensation per month of employees in active enterprises having business outcomes by province,Total,VN_SRC_BINHTHUAN,Binh Thuan,2017,annual,5348.0,Thousand VND,not_specified,E0535,https://www.nso.gov.vn/en/px-web?pxid=E0535&theme=Enterprise,source_reported_unharmonized
e0535_c9b3c38247,enterprises,Average compensation per month of employees in active enterprises having business outcomes by province,Total,VN_SRC_BINHTHUAN,Binh Thuan,2018,annual,5936.11,Thousand VND,not_specified,E0535,https://www.nso.gov.vn/en/px-web?pxid=E0535&theme=Enterprise,source_reported_unharmonized
e0535_c9b3c38247,enterprises,Average compensation per month of employees in active enterprises having business outcomes by province,Total,VN_SRC_BINHTHUAN,Binh Thuan,2019,annual,6199.96,Thousand VND,not_specified,E0535,https://www.nso.gov.vn/en/px-web?pxid=E0535&theme=Enterprise,source_reported_unharmonized
e0535_c9b3c38247,enterprises,Average compensation per month of employees in active enterprises having business outcomes by province,Total,VN_SRC_BINHTHUAN,Binh Thuan,2020,annual,6314.28,Thousand VND,not_specified,E0535,https://www.nso.gov.vn/en/px-web?pxid=E0535&theme=Enterprise,source_reported_unharmonized
e0535_c9b3c38247,enterprises,Average compensation per month of employees in active enterprises having business outcomes by province,Total,VN_SRC_BINHTHUAN,Binh Thuan,2021,annual,7749.77,Thousand VND,not_specified,E0535,https://www.nso.gov.vn/en/px-web?pxid=E0535&theme=Enterprise,source_reported_unharmonized
e0535_c9b3c38247,enterprises,Average compensation per month of employees in active enterprises having business outcomes by province,Total,VN_SRC_BINHTHUAN,Binh Thuan,2022,annual,7950.61,Thousand VND,not_specified,E0535,https://www.nso.gov.vn/en/px-web?pxid=E0535&theme=Enterprise,source_reported_unharmonized
e0535_c9b3c38247,enterprises,Average compensation per month of employees in active enterprises having business outcomes by province,Total,VN_SRC_BINHTHUAN,Binh Thuan,2023,annual,8264.62,Thousand VND,not_specified,E0535,https://www.nso.gov.vn/en/px-web?pxid=E0535&theme=Enterprise,source_reported_unharmonized
e0535_c9b3c38247,enterprises,Average compensation per month of employees in active enterprises having business outcomes by province,Total,VN_SRC_BINHTHUAN,Binh Thuan,2024,annual,8680.0,Thousand VND,not_specified,E0535,https://www.nso.gov.vn/en/px-web?pxid=E0535&theme=Enterprise,source_reported_unharmonized
e0535_c9b3c38247,enterprises,Average compensation per month of employees in active enterprises having business outcomes by province,Total,VN_SRC_KONTUM,Kon Tum,2010,annual,3869.0,Thousand VND,not_specified,E0535,https://www.nso.gov.vn/en/px-web?pxid=E0535&theme=Enterprise,source_reported_unharmonized
e0535_c9b3c38247,enterprises,Average compensation per month of employees in active enterprises having business outcomes by province,Total,VN_SRC_KONTUM,Kon Tum,2015,annual,4706.0,Thousand VND,not_specified,E0535,https://www.nso.gov.vn/en/px-web?pxid=E0535&theme=Enterprise,source_reported_unharmonized
e0535_c9b3c38247,enterprises,Average compensation per month of employees in active enterprises having business outcomes by province,Total,VN_SRC_KONTUM,Kon Tum,2016,annual,4971.0,Thousand VND,not_specified,E0535,https://www.nso.gov.vn/en/px-web?pxid=E0535&theme=Enterprise,source_reported_unharmonized
e0535_c9b3c38247,enterprises,Average compensation per month of employees in active enterprises having business outcomes by province,Total,VN_SRC_KONTUM,Kon Tum,2017,annual,5046.0,Thousand VND,not_specified,E0535,https://www.nso.gov.vn/en/px-web?pxid=E0535&theme=Enterprise,source_reported_unharmonized
e0535_c9b3c38247,enterprises,Average compensation per month of employees in active enterprises having business outcomes by province,Total,VN_SRC_KONTUM,Kon Tum,2018,annual,5787.46,Thousand VND,not_specified,E0535,https://www.nso.gov.vn/en/px-web?pxid=E0535&theme=Enterprise,source_reported_unharmonized
e0535_c9b3c38247,enterprises,Average compensation per month of employees in active enterprises having business outcomes by province,Total,VN_SRC_KONTUM,Kon Tum,2019,annual,5864.02,Thousand VND,not_specified,E0535,https://www.nso.gov.vn/en/px-web?pxid=E0535&theme=Enterprise,source_reported_unharmonized
e0535_c9b3c38247,enterprises,Average compensation per month of employees in active enterprises having business outcomes by province,Total,VN_SRC_KONTUM,Kon Tum,2020,annual,6173.93,Thousand VND,not_specified,E0535,https://www.nso.gov.vn/en/px-web?pxid=E0535&theme=Enterprise,source_reported_unharmonized
e0535_c9b3c38247,enterprises,Average compensation per month of employees in active enterprises having business outcomes by province,Total,VN_SRC_KONTUM,Kon Tum,2021,annual,7430.46,Thousand VND,not_specified,E0535,https://www.nso.gov.vn/en/px-web?pxid=E0535&theme=Enterprise,source_reported_unharmonized
e0535_c9b3c38247,enterprises,Average compensation per month of employees in active enterprises having business outcomes by province,Total,VN_SRC_KONTUM,Kon Tum,2022,annual,7749.57,Thousand VND,not_specified,E0535,https://www.nso.gov.vn/en/px-web?pxid=E0535&theme=Enterprise,source_reported_unharmonized
e0535_c9b3c38247,enterprises,Average compensation per month of employees in active enterprises having business outcomes by province,Total,VN_SRC_KONTUM,Kon Tum,2023,annual,8043.93,Thousand VND,not_specified,E0535,https://www.nso.gov.vn/en/px-web?pxid=E0535&theme=Enterprise,source_reported_unharmonized
e0535_c9b3c38247,enterprises,Average compensation per month of employees in active enterprises having business outcomes by province,Total,VN_SRC_KONTUM,Kon Tum,2024,annual,8336.84,Thousand VND,not_specified,E0535,https://www.nso.gov.vn/en/px-web?pxid=E0535&theme=Enterprise,source_reported_unharmonized
e0535_c9b3c38247,enterprises,Average compensation per month of employees in active enterprises having business outcomes by province,Total,VN_SRC_GIALAI,Gia Lai,2010,annual,3329.0,Thousand VND,not_specified,E0535,https://www.nso.gov.vn/en/px-web?pxid=E0535&theme=Enterprise,source_reported_unharmonized
e0535_c9b3c38247,enterprises,Average compensation per month of employees in active enterprises having business outcomes by province,Total,VN_SRC_GIALAI,Gia Lai,2015,annual,5156.0,Thousand VND,not_specified,E0535,https://www.nso.gov.vn/en/px-web?pxid=E0535&theme=Enterprise,source_reported_unharmonized
e0535_c9b3c38247,enterprises,Average compensation per month of employees in active enterprises having business outcomes by province,Total,VN_SRC_GIALAI,Gia Lai,2016,annual,5050.0,Thousand VND,not_specified,E0535,https://www.nso.gov.vn/en/px-web?pxid=E0535&theme=Enterprise,source_reported_unharmonized
e0535_c9b3c38247,enterprises,Average compensation per month of employees in active enterprises having business outcomes by province,Total,VN_SRC_GIALAI,Gia Lai,2017,annual,6011.0,Thousand VND,not_specified,E0535,https://www.nso.gov.vn/en/px-web?pxid=E0535&theme=Enterprise,source_reported_unharmonized
e0535_c9b3c38247,enterprises,Average compensation per month of employees in active enterprises having business outcomes by province,Total,VN_SRC_GIALAI,Gia Lai,2018,annual,6004.74,Thousand VND,not_specified,E0535,https://www.nso.gov.vn/en/px-web?pxid=E0535&theme=Enterprise,source_reported_unharmonized
e0535_c9b3c38247,enterprises,Average compensation per month of employees in active enterprises having business outcomes by province,Total,VN_SRC_GIALAI,Gia Lai,2019,annual,6030.18,Thousand VND,not_specified,E0535,https://www.nso.gov.vn/en/px-web?pxid=E0535&theme=Enterprise,source_reported_unharmonized
e0535_c9b3c38247,enterprises,Average compensation per month of employees in active enterprises having business outcomes by province,Total,VN_SRC_GIALAI,Gia Lai,2020,annual,6553.91,Thousand VND,not_specified,E0535,https://www.nso.gov.vn/en/px-web?pxid=E0535&theme=Enterprise,source_reported_unharmonized
e0535_c9b3c38247,enterprises,Average compensation per month of employees in active enterprises having business outcomes by province,Total,VN_SRC_GIALAI,Gia Lai,2021,annual,7665.9,Thousand VND,not_specified,E0535,https://www.nso.gov.vn/en/px-web?pxid=E0535&theme=Enterprise,source_reported_unharmonized
e0535_c9b3c38247,enterprises,Average compensation per month of employees in active enterprises having business outcomes by province,Total,VN_SRC_GIALAI,Gia Lai,2022,annual,7847.95,Thousand VND,not_specified,E0535,https://www.nso.gov.vn/en/px-web?pxid=E0535&theme=Enterprise,source_reported_unharmonized
e0535_c9b3c38247,enterprises,Average compensation per month of employees in active enterprises having business outcomes by province,Total,VN_SRC_GIALAI,Gia Lai,2023,annual,7504.38,Thousand VND,not_specified,E0535,https://www.nso.gov.vn/en/px-web?pxid=E0535&theme=Enterprise,source_reported_unharmonized
e0535_c9b3c38247,enterprises,Average compensation per month of employees in active enterprises having business outcomes by province,Total,VN_SRC_GIALAI,Gia Lai,2024,annual,7827.47,Thousand VND,not_specified,E0535,https://www.nso.gov.vn/en/px-web?pxid=E0535&theme=Enterprise,source_reported_unharmonized
e0535_c9b3c38247,enterprises,Average compensation per month of employees in active enterprises having business outcomes by province,Total,VN_SRC_DAKLAK,Dak Lak,2010,annual,2519.0,Thousand VND,not_specified,E0535,https://www.nso.gov.vn/en/px-web?pxid=E0535&theme=Enterprise,source_reported_unharmonized
e0535_c9b3c38247,enterprises,Average compensation per month of employees in active enterprises having business outcomes by province,Total,VN_SRC_DAKLAK,Dak Lak,2015,annual,4105.0,Thousand VND,not_specified,E0535,https://www.nso.gov.vn/en/px-web?pxid=E0535&theme=Enterprise,source_reported_unharmonized
e0535_c9b3c38247,enterprises,Average compensation per month of employees in active enterprises having business outcomes by province,Total,VN_SRC_DAKLAK,Dak Lak,2016,annual,4686.0,Thousand VND,not_specified,E0535,https://www.nso.gov.vn/en/px-web?pxid=E0535&theme=Enterprise,source_reported_unharmonized
e0535_c9b3c38247,enterprises,Average compensation per month of employees in active enterprises having business outcomes by province,Total,VN_SRC_DAKLAK,Dak Lak,2017,annual,4742.0,Thousand VND,not_specified,E0535,https://www.nso.gov.vn/en/px-web?pxid=E0535&theme=Enterprise,source_reported_unharmonized
e0535_c9b3c38247,enterprises,Average compensation per month of employees in active enterprises having business outcomes by province,Total,VN_SRC_DAKLAK,Dak Lak,2018,annual,4641.17,Thousand VND,not_specified,E0535,https://www.nso.gov.vn/en/px-web?pxid=E0535&theme=Enterprise,source_reported_unharmonized
e0535_c9b3c38247,enterprises,Average compensation per month of employees in active enterprises having business outcomes by province,Total,VN_SRC_DAKLAK,Dak Lak,2019,annual,4862.61,Thousand VND,not_specified,E0535,https://www.nso.gov.vn/en/px-web?pxid=E0535&theme=Enterprise,source_reported_unharmonized
e0535_c9b3c38247,enterprises,Average compensation per month of employees in active enterprises having business outcomes by province,Total,VN_SRC_DAKLAK,Dak Lak,2020,annual,5757.3,Thousand VND,not_specified,E0535,https://www.nso.gov.vn/en/px-web?pxid=E0535&theme=Enterprise,source_reported_unharmonized
e0535_c9b3c38247,enterprises,Average compensation per month of employees in active enterprises having business outcomes by province,Total,VN_SRC_DAKLAK,Dak Lak,2021,annual,6733.14,Thousand VND,not_specified,E0535,https://www.nso.gov.vn/en/px-web?pxid=E0535&theme=Enterprise,source_reported_unharmonized
e0535_c9b3c38247,enterprises,Average compensation per month of employees in active enterprises having business outcomes by province,Total,VN_SRC_DAKLAK,Dak Lak,2022,annual,7539.1,Thousand VND,not_specified,E0535,https://www.nso.gov.vn/en/px-web?pxid=E0535&theme=Enterprise,source_reported_unharmonized
e0535_c9b3c38247,enterprises,Average compensation per month of employees in active enterprises having business outcomes by province,Total,VN_SRC_DAKLAK,Dak Lak,2023,annual,7895.64,Thousand VND,not_specified,E0535,https://www.nso.gov.vn/en/px-web?pxid=E0535&theme=Enterprise,source_reported_unharmonized
e0535_c9b3c38247,enterprises,Average compensation per month of employees in active enterprises having business outcomes by province,Total,VN_SRC_DAKLAK,Dak Lak,2024,annual,7968.75,Thousand VND,not_specified,E0535,https://www.nso.gov.vn/en/px-web?pxid=E0535&theme=Enterprise,source_reported_unharmonized
e0535_c9b3c38247,enterprises,Average compensation per month of employees in active enterprises having business outcomes by province,Total,VN_SRC_DAKNONG,Dak Nong,2010,annual,2671.0,Thousand VND,not_specified,E0535,https://www.nso.gov.vn/en/px-web?pxid=E0535&theme=Enterprise,source_reported_unharmonized
e0535_c9b3c38247,enterprises,Average compensation per month of employees in active enterprises having business outcomes by province,Total,VN_SRC_DAKNONG,Dak Nong,2015,annual,4793.0,Thousand VND,not_specified,E0535,https://www.nso.gov.vn/en/px-web?pxid=E0535&theme=Enterprise,source_reported_unharmonized
e0535_c9b3c38247,enterprises,Average compensation per month of employees in active enterprises having business outcomes by province,Total,VN_SRC_DAKNONG,Dak Nong,2016,annual,4854.0,Thousand VND,not_specified,E0535,https://www.nso.gov.vn/en/px-web?pxid=E0535&theme=Enterprise,source_reported_unharmonized
e0535_c9b3c38247,enterprises,Average compensation per month of employees in active enterprises having business outcomes by province,Total,VN_SRC_DAKNONG,Dak Nong,2017,annual,4644.0,Thousand VND,not_specified,E0535,https://www.nso.gov.vn/en/px-web?pxid=E0535&theme=Enterprise,source_reported_unharmonized
e0535_c9b3c38247,enterprises,Average compensation per month of employees in active enterprises having business outcomes by province,Total,VN_SRC_DAKNONG,Dak Nong,2018,annual,5190.27,Thousand VND,not_specified,E0535,https://www.nso.gov.vn/en/px-web?pxid=E0535&theme=Enterprise,source_reported_unharmonized
e0535_c9b3c38247,enterprises,Average compensation per month of employees in active enterprises having business outcomes by province,Total,VN_SRC_DAKNONG,Dak Nong,2019,annual,5561.08,Thousand VND,not_specified,E0535,https://www.nso.gov.vn/en/px-web?pxid=E0535&theme=Enterprise,source_reported_unharmonized
e0535_c9b3c38247,enterprises,Average compensation per month of employees in active enterprises having business outcomes by province,Total,VN_SRC_DAKNONG,Dak Nong,2020,annual,6302.85,Thousand VND,not_specified,E0535,https://www.nso.gov.vn/en/px-web?pxid=E0535&theme=Enterprise,source_reported_unharmonized
e0535_c9b3c38247,enterprises,Average compensation per month of employees in active enterprises having business outcomes by province,Total,VN_SRC_DAKNONG,Dak Nong,2021,annual,7560.46,Thousand VND,not_specified,E0535,https://www.nso.gov.vn/en/px-web?pxid=E0535&theme=Enterprise,source_reported_unharmonized
e0535_c9b3c38247,enterprises,Average compensation per month of employees in active enterprises having business outcomes by province,Total,VN_SRC_DAKNONG,Dak Nong,2022,annual,10472.06,Thousand VND,not_specified,E0535,https://www.nso.gov.vn/en/px-web?pxid=E0535&theme=Enterprise,source_reported_unharmonized
e0535_c9b3c38247,enterprises,Average compensation per month of employees in active enterprises having business outcomes by province,Total,VN_SRC_DAKNONG,Dak Nong,2023,annual,9276.32,Thousand VND,not_specified,E0535,https://www.nso.gov.vn/en/px-web?pxid=E0535&theme=Enterprise,source_reported_unharmonized
e0535_c9b3c38247,enterprises,Average compensation per month of employees in active enterprises having business outcomes by province,Total,VN_SRC_DAKNONG,Dak Nong,2024,annual,10187.43,Thousand VND,not_specified,E0535,https://www.nso.gov.vn/en/px-web?pxid=E0535&theme=Enterprise,source_reported_unharmonized
e0535_c9b3c38247,enterprises,Average compensation per month of employees in active enterprises having business outcomes by province,Total,VN_SRC_LAMDONG,Lam Dong,2010,annual,3045.0,Thousand VND,not_specified,E0535,https://www.nso.gov.vn/en/px-web?pxid=E0535&theme=Enterprise,source_reported_unharmonized
e0535_c9b3c38247,enterprises,Average compensation per month of employees in active enterprises having business outcomes by province,Total,VN_SRC_LAMDONG,Lam Dong,2015,annual,5938.0,Thousand VND,not_specified,E0535,https://www.nso.gov.vn/en/px-web?pxid=E0535&theme=Enterprise,source_reported_unharmonized
e0535_c9b3c38247,enterprises,Average compensation per month of employees in active enterprises having business outcomes by province,Total,VN_SRC_LAMDONG,Lam Dong,2016,annual,6010.0,Thousand VND,not_specified,E0535,https://www.nso.gov.vn/en/px-web?pxid=E0535&theme=Enterprise,source_reported_unharmonized
e0535_c9b3c38247,enterprises,Average compensation per month of employees in active enterprises having business outcomes by province,Total,VN_SRC_LAMDONG,Lam Dong,2017,annual,6280.0,Thousand VND,not_specified,E0535,https://www.nso.gov.vn/en/px-web?pxid=E0535&theme=Enterprise,source_reported_unharmonized
e0535_c9b3c38247,enterprises,Average compensation per month of employees in active enterprises having business outcomes by province,Total,VN_SRC_LAMDONG,Lam Dong,2018,annual,6938.32,Thousand VND,not_specified,E0535,https://www.nso.gov.vn/en/px-web?pxid=E0535&theme=Enterprise,source_reported_unharmonized
e0535_c9b3c38247,enterprises,Average compensation per month of employees in active enterprises having business outcomes by province,Total,VN_SRC_LAMDONG,Lam Dong,2019,annual,7092.84,Thousand VND,not_specified,E0535,https://www.nso.gov.vn/en/px-web?pxid=E0535&theme=Enterprise,source_reported_unharmonized
e0535_c9b3c38247,enterprises,Average compensation per month of employees in active enterprises having business outcomes by province,Total,VN_SRC_LAMDONG,Lam Dong,2020,annual,7289.02,Thousand VND,not_specified,E0535,https://www.nso.gov.vn/en/px-web?pxid=E0535&theme=Enterprise,source_reported_unharmonized
e0535_c9b3c38247,enterprises,Average compensation per month of employees in active enterprises having business outcomes by province,Total,VN_SRC_LAMDONG,Lam Dong,2021,annual,8200.25,Thousand VND,not_specified,E0535,https://www.nso.gov.vn/en/px-web?pxid=E0535&theme=Enterprise,source_reported_unharmonized
e0535_c9b3c38247,enterprises,Average compensation per month of employees in active enterprises having business outcomes by province,Total,VN_SRC_LAMDONG,Lam Dong,2022,annual,9072.5,Thousand VND,not_specified,E0535,https://www.nso.gov.vn/en/px-web?pxid=E0535&theme=Enterprise,source_reported_unharmonized
e0535_c9b3c38247,enterprises,Average compensation per month of employees in active enterprises having business outcomes by province,Total,VN_SRC_LAMDONG,Lam Dong,2023,annual,9545.99,Thousand VND,not_specified,E0535,https://www.nso.gov.vn/en/px-web?pxid=E0535&theme=Enterprise,source_reported_unharmonized
e0535_c9b3c38247,enterprises,Average compensation per month of employees in active enterprises having business outcomes by province,Total,VN_SRC_LAMDONG,Lam Dong,2024,annual,9761.6,Thousand VND,not_specified,E0535,https://www.nso.gov.vn/en/px-web?pxid=E0535&theme=Enterprise,source_reported_unharmonized
e0535_c9b3c38247,enterprises,Average compensation per month of employees in active enterprises having business outcomes by province,Total,VN_SRC_BINHPHUOC,Binh Phuoc,2010,annual,4680.0,Thousand VND,not_specified,E0535,https://www.nso.gov.vn/en/px-web?pxid=E0535&theme=Enterprise,source_reported_unharmonized
e0535_c9b3c38247,enterprises,Average compensation per month of employees in active enterprises having business outcomes by province,Total,VN_SRC_BINHPHUOC,Binh Phuoc,2015,annual,5549.0,Thousand VND,not_specified,E0535,https://www.nso.gov.vn/en/px-web?pxid=E0535&theme=Enterprise,source_reported_unharmonized
e0535_c9b3c38247,enterprises,Average compensation per month of employees in active enterprises having business outcomes by province,Total,VN_SRC_BINHPHUOC,Binh Phuoc,2016,annual,6333.0,Thousand VND,not_specified,E0535,https://www.nso.gov.vn/en/px-web?pxid=E0535&theme=Enterprise,source_reported_unharmonized
e0535_c9b3c38247,enterprises,Average compensation per month of employees in active enterprises having business outcomes by province,Total,VN_SRC_BINHPHUOC,Binh Phuoc,2017,annual,6903.0,Thousand VND,not_specified,E0535,https://www.nso.gov.vn/en/px-web?pxid=E0535&theme=Enterprise,source_reported_unharmonized
e0535_c9b3c38247,enterprises,Average compensation per month of employees in active enterprises having business outcomes by province,Total,VN_SRC_BINHPHUOC,Binh Phuoc,2018,annual,7013.16,Thousand VND,not_specified,E0535,https://www.nso.gov.vn/en/px-web?pxid=E0535&theme=Enterprise,source_reported_unharmonized
e0535_c9b3c38247,enterprises,Average compensation per month of employees in active enterprises having business outcomes by province,Total,VN_SRC_BINHPHUOC,Binh Phuoc,2019,annual,7400.75,Thousand VND,not_specified,E0535,https://www.nso.gov.vn/en/px-web?pxid=E0535&theme=Enterprise,source_reported_unharmonized
e0535_c9b3c38247,enterprises,Average compensation per month of employees in active enterprises having business outcomes by province,Total,VN_SRC_BINHPHUOC,Binh Phuoc,2020,annual,7843.13,Thousand VND,not_specified,E0535,https://www.nso.gov.vn/en/px-web?pxid=E0535&theme=Enterprise,source_reported_unharmonized
e0535_c9b3c38247,enterprises,Average compensation per month of employees in active enterprises having business outcomes by province,Total,VN_SRC_BINHPHUOC,Binh Phuoc,2021,annual,8840.89,Thousand VND,not_specified,E0535,https://www.nso.gov.vn/en/px-web?pxid=E0535&theme=Enterprise,source_reported_unharmonized
e0535_c9b3c38247,enterprises,Average compensation per month of employees in active enterprises having business outcomes by province,Total,VN_SRC_BINHPHUOC,Binh Phuoc,2022,annual,9697.33,Thousand VND,not_specified,E0535,https://www.nso.gov.vn/en/px-web?pxid=E0535&theme=Enterprise,source_reported_unharmonized
e0535_c9b3c38247,enterprises,Average compensation per month of employees in active enterprises having business outcomes by province,Total,VN_SRC_BINHPHUOC,Binh Phuoc,2023,annual,8808.2,Thousand VND,not_specified,E0535,https://www.nso.gov.vn/en/px-web?pxid=E0535&theme=Enterprise,source_reported_unharmonized
e0535_c9b3c38247,enterprises,Average compensation per month of employees in active enterprises having business outcomes by province,Total,VN_SRC_BINHPHUOC,Binh Phuoc,2024,annual,9999.19,Thousand VND,not_specified,E0535,https://www.nso.gov.vn/en/px-web?pxid=E0535&theme=Enterprise,source_reported_unharmonized
e0535_c9b3c38247,enterprises,Average compensation per month of employees in active enterprises having business outcomes by province,Total,VN_SRC_TAYNINH,Tay Ninh,2010,annual,3745.0,Thousand VND,not_specified,E0535,https://www.nso.gov.vn/en/px-web?pxid=E0535&theme=Enterprise,source_reported_unharmonized
e0535_c9b3c38247,enterprises,Average compensation per month of employees in active enterprises having business outcomes by province,Total,VN_SRC_TAYNINH,Tay Ninh,2015,annual,5877.0,Thousand VND,not_specified,E0535,https://www.nso.gov.vn/en/px-web?pxid=E0535&theme=Enterprise,source_reported_unharmonized
e0535_c9b3c38247,enterprises,Average compensation per month of employees in active enterprises having business outcomes by province,Total,VN_SRC_TAYNINH,Tay Ninh,2016,annual,6211.0,Thousand VND,not_specified,E0535,https://www.nso.gov.vn/en/px-web?pxid=E0535&theme=Enterprise,source_reported_unharmonized
e0535_c9b3c38247,enterprises,Average compensation per month of employees in active enterprises having business outcomes by province,Total,VN_SRC_TAYNINH,Tay Ninh,2017,annual,7130.0,Thousand VND,not_specified,E0535,https://www.nso.gov.vn/en/px-web?pxid=E0535&theme=Enterprise,source_reported_unharmonized
e0535_c9b3c38247,enterprises,Average compensation per month of employees in active enterprises having business outcomes by province,Total,VN_SRC_TAYNINH,Tay Ninh,2018,annual,7639.05,Thousand VND,not_specified,E0535,https://www.nso.gov.vn/en/px-web?pxid=E0535&theme=Enterprise,source_reported_unharmonized
e0535_c9b3c38247,enterprises,Average compensation per month of employees in active enterprises having business outcomes by province,Total,VN_SRC_TAYNINH,Tay Ninh,2019,annual,8119.41,Thousand VND,not_specified,E0535,https://www.nso.gov.vn/en/px-web?pxid=E0535&theme=Enterprise,source_reported_unharmonized
e0535_c9b3c38247,enterprises,Average compensation per month of employees in active enterprises having business outcomes by province,Total,VN_SRC_TAYNINH,Tay Ninh,2020,annual,8633.7,Thousand VND,not_specified,E0535,https://www.nso.gov.vn/en/px-web?pxid=E0535&theme=Enterprise,source_reported_unharmonized
e0535_c9b3c38247,enterprises,Average compensation per month of employees in active enterprises having business outcomes by province,Total,VN_SRC_TAYNINH,Tay Ninh,2021,annual,9210.6,Thousand VND,not_specified,E0535,https://www.nso.gov.vn/en/px-web?pxid=E0535&theme=Enterprise,source_reported_unharmonized
e0535_c9b3c38247,enterprises,Average compensation per month of employees in active enterprises having business outcomes by province,Total,VN_SRC_TAYNINH,Tay Ninh,2022,annual,10611.02,Thousand VND,not_specified,E0535,https://www.nso.gov.vn/en/px-web?pxid=E0535&theme=Enterprise,source_reported_unharmonized
e0535_c9b3c38247,enterprises,Average compensation per month of employees in active enterprises having business outcomes by province,Total,VN_SRC_TAYNINH,Tay Ninh,2023,annual,10467.99,Thousand VND,not_specified,E0535,https://www.nso.gov.vn/en/px-web?pxid=E0535&theme=Enterprise,source_reported_unharmonized
e0535_c9b3c38247,enterprises,Average compensation per month of employees in active enterprises having business outcomes by province,Total,VN_SRC_TAYNINH,Tay Ninh,2024,annual,11081.58,Thousand VND,not_specified,E0535,https://www.nso.gov.vn/en/px-web?pxid=E0535&theme=Enterprise,source_reported_unharmonized
e0535_c9b3c38247,enterprises,Average compensation per month of employees in active enterprises having business outcomes by province,Total,VN_SRC_BINHDUONG,Binh Duong,2010,annual,3687.0,Thousand VND,not_specified,E0535,https://www.nso.gov.vn/en/px-web?pxid=E0535&theme=Enterprise,source_reported_unharmonized
e0535_c9b3c38247,enterprises,Average compensation per month of employees in active enterprises having business outcomes by province,Total,VN_SRC_BINHDUONG,Binh Duong,2015,annual,6955.0,Thousand VND,not_specified,E0535,https://www.nso.gov.vn/en/px-web?pxid=E0535&theme=Enterprise,source_reported_unharmonized
e0535_c9b3c38247,enterprises,Average compensation per month of employees in active enterprises having business outcomes by province,Total,VN_SRC_BINHDUONG,Binh Duong,2016,annual,7544.0,Thousand VND,not_specified,E0535,https://www.nso.gov.vn/en/px-web?pxid=E0535&theme=Enterprise,source_reported_unharmonized
e0535_c9b3c38247,enterprises,Average compensation per month of employees in active enterprises having business outcomes by province,Total,VN_SRC_BINHDUONG,Binh Duong,2017,annual,8189.0,Thousand VND,not_specified,E0535,https://www.nso.gov.vn/en/px-web?pxid=E0535&theme=Enterprise,source_reported_unharmonized
e0535_c9b3c38247,enterprises,Average compensation per month of employees in active enterprises having business outcomes by province,Total,VN_SRC_BINHDUONG,Binh Duong,2018,annual,8645.26,Thousand VND,not_specified,E0535,https://www.nso.gov.vn/en/px-web?pxid=E0535&theme=Enterprise,source_reported_unharmonized
e0535_c9b3c38247,enterprises,Average compensation per month of employees in active enterprises having business outcomes by province,Total,VN_SRC_BINHDUONG,Binh Duong,2019,annual,9488.36,Thousand VND,not_specified,E0535,https://www.nso.gov.vn/en/px-web?pxid=E0535&theme=Enterprise,source_reported_unharmonized
e0535_c9b3c38247,enterprises,Average compensation per month of employees in active enterprises having business outcomes by province,Total,VN_SRC_BINHDUONG,Binh Duong,2020,annual,9769.9,Thousand VND,not_specified,E0535,https://www.nso.gov.vn/en/px-web?pxid=E0535&theme=Enterprise,source_reported_unharmonized
e0535_c9b3c38247,enterprises,Average compensation per month of employees in active enterprises having business outcomes by province,Total,VN_SRC_BINHDUONG,Binh Duong,2021,annual,10355.92,Thousand VND,not_specified,E0535,https://www.nso.gov.vn/en/px-web?pxid=E0535&theme=Enterprise,source_reported_unharmonized
e0535_c9b3c38247,enterprises,Average compensation per month of employees in active enterprises having business outcomes by province,Total,VN_SRC_BINHDUONG,Binh Duong,2022,annual,12005.72,Thousand VND,not_specified,E0535,https://www.nso.gov.vn/en/px-web?pxid=E0535&theme=Enterprise,source_reported_unharmonized
e0535_c9b3c38247,enterprises,Average compensation per month of employees in active enterprises having business outcomes by province,Total,VN_SRC_BINHDUONG,Binh Duong,2023,annual,11268.95,Thousand VND,not_specified,E0535,https://www.nso.gov.vn/en/px-web?pxid=E0535&theme=Enterprise,source_reported_unharmonized
e0535_c9b3c38247,enterprises,Average compensation per month of employees in active enterprises having business outcomes by province,Total,VN_SRC_BINHDUONG,Binh Duong,2024,annual,12465.4,Thousand VND,not_specified,E0535,https://www.nso.gov.vn/en/px-web?pxid=E0535&theme=Enterprise,source_reported_unharmonized
e0535_c9b3c38247,enterprises,Average compensation per month of employees in active enterprises having business outcomes by province,Total,VN_SRC_DONGNAI,Dong Nai,2010,annual,3712.0,Thousand VND,not_specified,E0535,https://www.nso.gov.vn/en/px-web?pxid=E0535&theme=Enterprise,source_reported_unharmonized
e0535_c9b3c38247,enterprises,Average compensation per month of employees in active enterprises having business outcomes by province,Total,VN_SRC_DONGNAI,Dong Nai,2015,annual,7011.0,Thousand VND,not_specified,E0535,https://www.nso.gov.vn/en/px-web?pxid=E0535&theme=Enterprise,source_reported_unharmonized
e0535_c9b3c38247,enterprises,Average compensation per month of employees in active enterprises having business outcomes by province,Total,VN_SRC_DONGNAI,Dong Nai,2016,annual,8013.0,Thousand VND,not_specified,E0535,https://www.nso.gov.vn/en/px-web?pxid=E0535&theme=Enterprise,source_reported_unharmonized
e0535_c9b3c38247,enterprises,Average compensation per month of employees in active enterprises having business outcomes by province,Total,VN_SRC_DONGNAI,Dong Nai,2017,annual,8817.0,Thousand VND,not_specified,E0535,https://www.nso.gov.vn/en/px-web?pxid=E0535&theme=Enterprise,source_reported_unharmonized
e0535_c9b3c38247,enterprises,Average compensation per month of employees in active enterprises having business outcomes by province,Total,VN_SRC_DONGNAI,Dong Nai,2018,annual,9751.87,Thousand VND,not_specified,E0535,https://www.nso.gov.vn/en/px-web?pxid=E0535&theme=Enterprise,source_reported_unharmonized
e0535_c9b3c38247,enterprises,Average compensation per month of employees in active enterprises having business outcomes by province,Total,VN_SRC_DONGNAI,Dong Nai,2019,annual,10008.6,Thousand VND,not_specified,E0535,https://www.nso.gov.vn/en/px-web?pxid=E0535&theme=Enterprise,source_reported_unharmonized
e0535_c9b3c38247,enterprises,Average compensation per month of employees in active enterprises having business outcomes by province,Total,VN_SRC_DONGNAI,Dong Nai,2020,annual,9783.72,Thousand VND,not_specified,E0535,https://www.nso.gov.vn/en/px-web?pxid=E0535&theme=Enterprise,source_reported_unharmonized
e0535_c9b3c38247,enterprises,Average compensation per month of employees in active enterprises having business outcomes by province,Total,VN_SRC_DONGNAI,Dong Nai,2021,annual,9886.54,Thousand VND,not_specified,E0535,https://www.nso.gov.vn/en/px-web?pxid=E0535&theme=Enterprise,source_reported_unharmonized
e0535_c9b3c38247,enterprises,Average compensation per month of employees in active enterprises having business outcomes by province,Total,VN_SRC_DONGNAI,Dong Nai,2022,annual,10470.54,Thousand VND,not_specified,E0535,https://www.nso.gov.vn/en/px-web?pxid=E0535&theme=Enterprise,source_reported_unharmonized
e0535_c9b3c38247,enterprises,Average compensation per month of employees in active enterprises having business outcomes by province,Total,VN_SRC_DONGNAI,Dong Nai,2023,annual,10629.38,Thousand VND,not_specified,E0535,https://www.nso.gov.vn/en/px-web?pxid=E0535&theme=Enterprise,source_reported_unharmonized
e0535_c9b3c38247,enterprises,Average compensation per month of employees in active enterprises having business outcomes by province,Total,VN_SRC_DONGNAI,Dong Nai,2024,annual,11551.66,Thousand VND,not_specified,E0535,https://www.nso.gov.vn/en/px-web?pxid=E0535&theme=Enterprise,source_reported_unharmonized
e0535_c9b3c38247,enterprises,Average compensation per month of employees in active enterprises having business outcomes by province,Total,VN_SRC_BARIAVUNGTAU,Ba Ria - Vung Tau,2010,annual,8182.0,Thousand VND,not_specified,E0535,https://www.nso.gov.vn/en/px-web?pxid=E0535&theme=Enterprise,source_reported_unharmonized
e0535_c9b3c38247,enterprises,Average compensation per month of employees in active enterprises having business outcomes by province,Total,VN_SRC_BARIAVUNGTAU,Ba Ria - Vung Tau,2015,annual,9476.0,Thousand VND,not_specified,E0535,https://www.nso.gov.vn/en/px-web?pxid=E0535&theme=Enterprise,source_reported_unharmonized
e0535_c9b3c38247,enterprises,Average compensation per month of employees in active enterprises having business outcomes by province,Total,VN_SRC_BARIAVUNGTAU,Ba Ria - Vung Tau,2016,annual,9873.0,Thousand VND,not_specified,E0535,https://www.nso.gov.vn/en/px-web?pxid=E0535&theme=Enterprise,source_reported_unharmonized
e0535_c9b3c38247,enterprises,Average compensation per month of employees in active enterprises having business outcomes by province,Total,VN_SRC_BARIAVUNGTAU,Ba Ria - Vung Tau,2017,annual,10401.0,Thousand VND,not_specified,E0535,https://www.nso.gov.vn/en/px-web?pxid=E0535&theme=Enterprise,source_reported_unharmonized
e0535_c9b3c38247,enterprises,Average compensation per month of employees in active enterprises having business outcomes by province,Total,VN_SRC_BARIAVUNGTAU,Ba Ria - Vung Tau,2018,annual,10780.27,Thousand VND,not_specified,E0535,https://www.nso.gov.vn/en/px-web?pxid=E0535&theme=Enterprise,source_reported_unharmonized
e0535_c9b3c38247,enterprises,Average compensation per month of employees in active enterprises having business outcomes by province,Total,VN_SRC_BARIAVUNGTAU,Ba Ria - Vung Tau,2019,annual,11512.61,Thousand VND,not_specified,E0535,https://www.nso.gov.vn/en/px-web?pxid=E0535&theme=Enterprise,source_reported_unharmonized
e0535_c9b3c38247,enterprises,Average compensation per month of employees in active enterprises having business outcomes by province,Total,VN_SRC_BARIAVUNGTAU,Ba Ria - Vung Tau,2020,annual,11988.21,Thousand VND,not_specified,E0535,https://www.nso.gov.vn/en/px-web?pxid=E0535&theme=Enterprise,source_reported_unharmonized
e0535_c9b3c38247,enterprises,Average compensation per month of employees in active enterprises having business outcomes by province,Total,VN_SRC_BARIAVUNGTAU,Ba Ria - Vung Tau,2021,annual,12127.66,Thousand VND,not_specified,E0535,https://www.nso.gov.vn/en/px-web?pxid=E0535&theme=Enterprise,source_reported_unharmonized
e0535_c9b3c38247,enterprises,Average compensation per month of employees in active enterprises having business outcomes by province,Total,VN_SRC_BARIAVUNGTAU,Ba Ria - Vung Tau,2022,annual,13400.48,Thousand VND,not_specified,E0535,https://www.nso.gov.vn/en/px-web?pxid=E0535&theme=Enterprise,source_reported_unharmonized
e0535_c9b3c38247,enterprises,Average compensation per month of employees in active enterprises having business outcomes by province,Total,VN_SRC_BARIAVUNGTAU,Ba Ria - Vung Tau,2023,annual,14065.3,Thousand VND,not_specified,E0535,https://www.nso.gov.vn/en/px-web?pxid=E0535&theme=Enterprise,source_reported_unharmonized
e0535_c9b3c38247,enterprises,Average compensation per month of employees in active enterprises having business outcomes by province,Total,VN_SRC_BARIAVUNGTAU,Ba Ria - Vung Tau,2024,annual,14545.05,Thousand VND,not_specified,E0535,https://www.nso.gov.vn/en/px-web?pxid=E0535&theme=Enterprise,source_reported_unharmonized
e0535_c9b3c38247,enterprises,Average compensation per month of employees in active enterprises having business outcomes by province,Total,VN_SRC_HOCHIMINHCITY,Ho Chi Minh city,2010,annual,4544.0,Thousand VND,not_specified,E0535,https://www.nso.gov.vn/en/px-web?pxid=E0535&theme=Enterprise,source_reported_unharmonized
e0535_c9b3c38247,enterprises,Average compensation per month of employees in active enterprises having business outcomes by province,Total,VN_SRC_HOCHIMINHCITY,Ho Chi Minh city,2015,annual,8175.0,Thousand VND,not_specified,E0535,https://www.nso.gov.vn/en/px-web?pxid=E0535&theme=Enterprise,source_reported_unharmonized
e0535_c9b3c38247,enterprises,Average compensation per month of employees in active enterprises having business outcomes by province,Total,VN_SRC_HOCHIMINHCITY,Ho Chi Minh city,2016,annual,8678.0,Thousand VND,not_specified,E0535,https://www.nso.gov.vn/en/px-web?pxid=E0535&theme=Enterprise,source_reported_unharmonized
e0535_c9b3c38247,enterprises,Average compensation per month of employees in active enterprises having business outcomes by province,Total,VN_SRC_HOCHIMINHCITY,Ho Chi Minh city,2017,annual,9854.0,Thousand VND,not_specified,E0535,https://www.nso.gov.vn/en/px-web?pxid=E0535&theme=Enterprise,source_reported_unharmonized
e0535_c9b3c38247,enterprises,Average compensation per month of employees in active enterprises having business outcomes by province,Total,VN_SRC_HOCHIMINHCITY,Ho Chi Minh city,2018,annual,10330.15,Thousand VND,not_specified,E0535,https://www.nso.gov.vn/en/px-web?pxid=E0535&theme=Enterprise,source_reported_unharmonized
e0535_c9b3c38247,enterprises,Average compensation per month of employees in active enterprises having business outcomes by province,Total,VN_SRC_HOCHIMINHCITY,Ho Chi Minh city,2019,annual,10819.9,Thousand VND,not_specified,E0535,https://www.nso.gov.vn/en/px-web?pxid=E0535&theme=Enterprise,source_reported_unharmonized
e0535_c9b3c38247,enterprises,Average compensation per month of employees in active enterprises having business outcomes by province,Total,VN_SRC_HOCHIMINHCITY,Ho Chi Minh city,2020,annual,10906.2,Thousand VND,not_specified,E0535,https://www.nso.gov.vn/en/px-web?pxid=E0535&theme=Enterprise,source_reported_unharmonized
e0535_c9b3c38247,enterprises,Average compensation per month of employees in active enterprises having business outcomes by province,Total,VN_SRC_HOCHIMINHCITY,Ho Chi Minh city,2021,annual,11769.29,Thousand VND,not_specified,E0535,https://www.nso.gov.vn/en/px-web?pxid=E0535&theme=Enterprise,source_reported_unharmonized
e0535_c9b3c38247,enterprises,Average compensation per month of employees in active enterprises having business outcomes by province,Total,VN_SRC_HOCHIMINHCITY,Ho Chi Minh city,2022,annual,13968.25,Thousand VND,not_specified,E0535,https://www.nso.gov.vn/en/px-web?pxid=E0535&theme=Enterprise,source_reported_unharmonized
e0535_c9b3c38247,enterprises,Average compensation per month of employees in active enterprises having business outcomes by province,Total,VN_SRC_HOCHIMINHCITY,Ho Chi Minh city,2023,annual,14323.58,Thousand VND,not_specified,E0535,https://www.nso.gov.vn/en/px-web?pxid=E0535&theme=Enterprise,source_reported_unharmonized
e0535_c9b3c38247,enterprises,Average compensation per month of employees in active enterprises having business outcomes by province,Total,VN_SRC_HOCHIMINHCITY,Ho Chi Minh city,2024,annual,15249.86,Thousand VND,not_specified,E0535,https://www.nso.gov.vn/en/px-web?pxid=E0535&theme=Enterprise,source_reported_unharmonized
e0535_c9b3c38247,enterprises,Average compensation per month of employees in active enterprises having business outcomes by province,Total,VN_SRC_LONGAN,Long An,2010,annual,2945.0,Thousand VND,not_specified,E0535,https://www.nso.gov.vn/en/px-web?pxid=E0535&theme=Enterprise,source_reported_unharmonized
e0535_c9b3c38247,enterprises,Average compensation per month of employees in active enterprises having business outcomes by province,Total,VN_SRC_LONGAN,Long An,2015,annual,5824.0,Thousand VND,not_specified,E0535,https://www.nso.gov.vn/en/px-web?pxid=E0535&theme=Enterprise,source_reported_unharmonized
e0535_c9b3c38247,enterprises,Average compensation per month of employees in active enterprises having business outcomes by province,Total,VN_SRC_LONGAN,Long An,2016,annual,6612.0,Thousand VND,not_specified,E0535,https://www.nso.gov.vn/en/px-web?pxid=E0535&theme=Enterprise,source_reported_unharmonized
e0535_c9b3c38247,enterprises,Average compensation per month of employees in active enterprises having business outcomes by province,Total,VN_SRC_LONGAN,Long An,2017,annual,7181.0,Thousand VND,not_specified,E0535,https://www.nso.gov.vn/en/px-web?pxid=E0535&theme=Enterprise,source_reported_unharmonized
e0535_c9b3c38247,enterprises,Average compensation per month of employees in active enterprises having business outcomes by province,Total,VN_SRC_LONGAN,Long An,2018,annual,7315.25,Thousand VND,not_specified,E0535,https://www.nso.gov.vn/en/px-web?pxid=E0535&theme=Enterprise,source_reported_unharmonized
e0535_c9b3c38247,enterprises,Average compensation per month of employees in active enterprises having business outcomes by province,Total,VN_SRC_LONGAN,Long An,2019,annual,7788.08,Thousand VND,not_specified,E0535,https://www.nso.gov.vn/en/px-web?pxid=E0535&theme=Enterprise,source_reported_unharmonized
e0535_c9b3c38247,enterprises,Average compensation per month of employees in active enterprises having business outcomes by province,Total,VN_SRC_LONGAN,Long An,2020,annual,8490.99,Thousand VND,not_specified,E0535,https://www.nso.gov.vn/en/px-web?pxid=E0535&theme=Enterprise,source_reported_unharmonized
e0535_c9b3c38247,enterprises,Average compensation per month of employees in active enterprises having business outcomes by province,Total,VN_SRC_LONGAN,Long An,2021,annual,8742.18,Thousand VND,not_specified,E0535,https://www.nso.gov.vn/en/px-web?pxid=E0535&theme=Enterprise,source_reported_unharmonized
e0535_c9b3c38247,enterprises,Average compensation per month of employees in active enterprises having business outcomes by province,Total,VN_SRC_LONGAN,Long An,2022,annual,9962.81,Thousand VND,not_specified,E0535,https://www.nso.gov.vn/en/px-web?pxid=E0535&theme=Enterprise,source_reported_unharmonized
e0535_c9b3c38247,enterprises,Average compensation per month of employees in active enterprises having business outcomes by province,Total,VN_SRC_LONGAN,Long An,2023,annual,10118.92,Thousand VND,not_specified,E0535,https://www.nso.gov.vn/en/px-web?pxid=E0535&theme=Enterprise,source_reported_unharmonized
e0535_c9b3c38247,enterprises,Average compensation per month of employees in active enterprises having business outcomes by province,Total,VN_SRC_LONGAN,Long An,2024,annual,10885.91,Thousand VND,not_specified,E0535,https://www.nso.gov.vn/en/px-web?pxid=E0535&theme=Enterprise,source_reported_unharmonized
e0535_c9b3c38247,enterprises,Average compensation per month of employees in active enterprises having business outcomes by province,Total,VN_SRC_TIENGIANG,Tien Giang,2010,annual,2309.0,Thousand VND,not_specified,E0535,https://www.nso.gov.vn/en/px-web?pxid=E0535&theme=Enterprise,source_reported_unharmonized
e0535_c9b3c38247,enterprises,Average compensation per month of employees in active enterprises having business outcomes by province,Total,VN_SRC_TIENGIANG,Tien Giang,2015,annual,5265.0,Thousand VND,not_specified,E0535,https://www.nso.gov.vn/en/px-web?pxid=E0535&theme=Enterprise,source_reported_unharmonized
e0535_c9b3c38247,enterprises,Average compensation per month of employees in active enterprises having business outcomes by province,Total,VN_SRC_TIENGIANG,Tien Giang,2016,annual,6018.0,Thousand VND,not_specified,E0535,https://www.nso.gov.vn/en/px-web?pxid=E0535&theme=Enterprise,source_reported_unharmonized
e0535_c9b3c38247,enterprises,Average compensation per month of employees in active enterprises having business outcomes by province,Total,VN_SRC_TIENGIANG,Tien Giang,2017,annual,5699.0,Thousand VND,not_specified,E0535,https://www.nso.gov.vn/en/px-web?pxid=E0535&theme=Enterprise,source_reported_unharmonized
e0535_c9b3c38247,enterprises,Average compensation per month of employees in active enterprises having business outcomes by province,Total,VN_SRC_TIENGIANG,Tien Giang,2018,annual,6990.1,Thousand VND,not_specified,E0535,https://www.nso.gov.vn/en/px-web?pxid=E0535&theme=Enterprise,source_reported_unharmonized
e0535_c9b3c38247,enterprises,Average compensation per month of employees in active enterprises having business outcomes by province,Total,VN_SRC_TIENGIANG,Tien Giang,2019,annual,7451.37,Thousand VND,not_specified,E0535,https://www.nso.gov.vn/en/px-web?pxid=E0535&theme=Enterprise,source_reported_unharmonized
e0535_c9b3c38247,enterprises,Average compensation per month of employees in active enterprises having business outcomes by province,Total,VN_SRC_TIENGIANG,Tien Giang,2020,annual,7396.23,Thousand VND,not_specified,E0535,https://www.nso.gov.vn/en/px-web?pxid=E0535&theme=Enterprise,source_reported_unharmonized
e0535_c9b3c38247,enterprises,Average compensation per month of employees in active enterprises having business outcomes by province,Total,VN_SRC_TIENGIANG,Tien Giang,2021,annual,6327.26,Thousand VND,not_specified,E0535,https://www.nso.gov.vn/en/px-web?pxid=E0535&theme=Enterprise,source_reported_unharmonized
e0535_c9b3c38247,enterprises,Average compensation per month of employees in active enterprises having business outcomes by province,Total,VN_SRC_TIENGIANG,Tien Giang,2022,annual,8868.84,Thousand VND,not_specified,E0535,https://www.nso.gov.vn/en/px-web?pxid=E0535&theme=Enterprise,source_reported_unharmonized
e0535_c9b3c38247,enterprises,Average compensation per month of employees in active enterprises having business outcomes by province,Total,VN_SRC_TIENGIANG,Tien Giang,2023,annual,8336.47,Thousand VND,not_specified,E0535,https://www.nso.gov.vn/en/px-web?pxid=E0535&theme=Enterprise,source_reported_unharmonized
e0535_c9b3c38247,enterprises,Average compensation per month of employees in active enterprises having business outcomes by province,Total,VN_SRC_TIENGIANG,Tien Giang,2024,annual,9711.15,Thousand VND,not_specified,E0535,https://www.nso.gov.vn/en/px-web?pxid=E0535&theme=Enterprise,source_reported_unharmonized
e0535_c9b3c38247,enterprises,Average compensation per month of employees in active enterprises having business outcomes by province,Total,VN_SRC_BENTRE,Ben Tre,2010,annual,2670.0,Thousand VND,not_specified,E0535,https://www.nso.gov.vn/en/px-web?pxid=E0535&theme=Enterprise,source_reported_unharmonized
e0535_c9b3c38247,enterprises,Average compensation per month of employees in active enterprises having business outcomes by province,Total,VN_SRC_BENTRE,Ben Tre,2015,annual,5639.0,Thousand VND,not_specified,E0535,https://www.nso.gov.vn/en/px-web?pxid=E0535&theme=Enterprise,source_reported_unharmonized
e0535_c9b3c38247,enterprises,Average compensation per month of employees in active enterprises having business outcomes by province,Total,VN_SRC_BENTRE,Ben Tre,2016,annual,6127.0,Thousand VND,not_specified,E0535,https://www.nso.gov.vn/en/px-web?pxid=E0535&theme=Enterprise,source_reported_unharmonized
e0535_c9b3c38247,enterprises,Average compensation per month of employees in active enterprises having business outcomes by province,Total,VN_SRC_BENTRE,Ben Tre,2017,annual,6220.0,Thousand VND,not_specified,E0535,https://www.nso.gov.vn/en/px-web?pxid=E0535&theme=Enterprise,source_reported_unharmonized
e0535_c9b3c38247,enterprises,Average compensation per month of employees in active enterprises having business outcomes by province,Total,VN_SRC_BENTRE,Ben Tre,2018,annual,6642.04,Thousand VND,not_specified,E0535,https://www.nso.gov.vn/en/px-web?pxid=E0535&theme=Enterprise,source_reported_unharmonized
e0535_c9b3c38247,enterprises,Average compensation per month of employees in active enterprises having business outcomes by province,Total,VN_SRC_BENTRE,Ben Tre,2019,annual,6920.45,Thousand VND,not_specified,E0535,https://www.nso.gov.vn/en/px-web?pxid=E0535&theme=Enterprise,source_reported_unharmonized
e0535_c9b3c38247,enterprises,Average compensation per month of employees in active enterprises having business outcomes by province,Total,VN_SRC_BENTRE,Ben Tre,2020,annual,6620.77,Thousand VND,not_specified,E0535,https://www.nso.gov.vn/en/px-web?pxid=E0535&theme=Enterprise,source_reported_unharmonized
e0535_c9b3c38247,enterprises,Average compensation per month of employees in active enterprises having business outcomes by province,Total,VN_SRC_BENTRE,Ben Tre,2021,annual,7257.3,Thousand VND,not_specified,E0535,https://www.nso.gov.vn/en/px-web?pxid=E0535&theme=Enterprise,source_reported_unharmonized
e0535_c9b3c38247,enterprises,Average compensation per month of employees in active enterprises having business outcomes by province,Total,VN_SRC_BENTRE,Ben Tre,2022,annual,8252.32,Thousand VND,not_specified,E0535,https://www.nso.gov.vn/en/px-web?pxid=E0535&theme=Enterprise,source_reported_unharmonized
e0535_c9b3c38247,enterprises,Average compensation per month of employees in active enterprises having business outcomes by province,Total,VN_SRC_BENTRE,Ben Tre,2023,annual,7690.09,Thousand VND,not_specified,E0535,https://www.nso.gov.vn/en/px-web?pxid=E0535&theme=Enterprise,source_reported_unharmonized
e0535_c9b3c38247,enterprises,Average compensation per month of employees in active enterprises having business outcomes by province,Total,VN_SRC_BENTRE,Ben Tre,2024,annual,8972.58,Thousand VND,not_specified,E0535,https://www.nso.gov.vn/en/px-web?pxid=E0535&theme=Enterprise,source_reported_unharmonized
e0535_c9b3c38247,enterprises,Average compensation per month of employees in active enterprises having business outcomes by province,Total,VN_SRC_TRAVINH,Tra Vinh,2010,annual,2206.0,Thousand VND,not_specified,E0535,https://www.nso.gov.vn/en/px-web?pxid=E0535&theme=Enterprise,source_reported_unharmonized
e0535_c9b3c38247,enterprises,Average compensation per month of employees in active enterprises having business outcomes by province,Total,VN_SRC_TRAVINH,Tra Vinh,2015,annual,4628.0,Thousand VND,not_specified,E0535,https://www.nso.gov.vn/en/px-web?pxid=E0535&theme=Enterprise,source_reported_unharmonized
e0535_c9b3c38247,enterprises,Average compensation per month of employees in active enterprises having business outcomes by province,Total,VN_SRC_TRAVINH,Tra Vinh,2016,annual,4735.0,Thousand VND,not_specified,E0535,https://www.nso.gov.vn/en/px-web?pxid=E0535&theme=Enterprise,source_reported_unharmonized
e0535_c9b3c38247,enterprises,Average compensation per month of employees in active enterprises having business outcomes by province,Total,VN_SRC_TRAVINH,Tra Vinh,2017,annual,5578.0,Thousand VND,not_specified,E0535,https://www.nso.gov.vn/en/px-web?pxid=E0535&theme=Enterprise,source_reported_unharmonized
e0535_c9b3c38247,enterprises,Average compensation per month of employees in active enterprises having business outcomes by province,Total,VN_SRC_TRAVINH,Tra Vinh,2018,annual,5872.44,Thousand VND,not_specified,E0535,https://www.nso.gov.vn/en/px-web?pxid=E0535&theme=Enterprise,source_reported_unharmonized
e0535_c9b3c38247,enterprises,Average compensation per month of employees in active enterprises having business outcomes by province,Total,VN_SRC_TRAVINH,Tra Vinh,2019,annual,5705.01,Thousand VND,not_specified,E0535,https://www.nso.gov.vn/en/px-web?pxid=E0535&theme=Enterprise,source_reported_unharmonized
e0535_c9b3c38247,enterprises,Average compensation per month of employees in active enterprises having business outcomes by province,Total,VN_SRC_TRAVINH,Tra Vinh,2020,annual,5607.02,Thousand VND,not_specified,E0535,https://www.nso.gov.vn/en/px-web?pxid=E0535&theme=Enterprise,source_reported_unharmonized
e0535_c9b3c38247,enterprises,Average compensation per month of employees in active enterprises having business outcomes by province,Total,VN_SRC_TRAVINH,Tra Vinh,2021,annual,6936.7,Thousand VND,not_specified,E0535,https://www.nso.gov.vn/en/px-web?pxid=E0535&theme=Enterprise,source_reported_unharmonized
e0535_c9b3c38247,enterprises,Average compensation per month of employees in active enterprises having business outcomes by province,Total,VN_SRC_TRAVINH,Tra Vinh,2022,annual,7237.37,Thousand VND,not_specified,E0535,https://www.nso.gov.vn/en/px-web?pxid=E0535&theme=Enterprise,source_reported_unharmonized
e0535_c9b3c38247,enterprises,Average compensation per month of employees in active enterprises having business outcomes by province,Total,VN_SRC_TRAVINH,Tra Vinh,2023,annual,7165.78,Thousand VND,not_specified,E0535,https://www.nso.gov.vn/en/px-web?pxid=E0535&theme=Enterprise,source_reported_unharmonized
e0535_c9b3c38247,enterprises,Average compensation per month of employees in active enterprises having business outcomes by province,Total,VN_SRC_TRAVINH,Tra Vinh,2024,annual,7791.85,Thousand VND,not_specified,E0535,https://www.nso.gov.vn/en/px-web?pxid=E0535&theme=Enterprise,source_reported_unharmonized
e0535_c9b3c38247,enterprises,Average compensation per month of employees in active enterprises having business outcomes by province,Total,VN_SRC_VINHLONG,Vinh Long,2010,annual,2416.0,Thousand VND,not_specified,E0535,https://www.nso.gov.vn/en/px-web?pxid=E0535&theme=Enterprise,source_reported_unharmonized
e0535_c9b3c38247,enterprises,Average compensation per month of employees in active enterprises having business outcomes by province,Total,VN_SRC_VINHLONG,Vinh Long,2015,annual,4490.0,Thousand VND,not_specified,E0535,https://www.nso.gov.vn/en/px-web?pxid=E0535&theme=Enterprise,source_reported_unharmonized
e0535_c9b3c38247,enterprises,Average compensation per month of employees in active enterprises having business outcomes by province,Total,VN_SRC_VINHLONG,Vinh Long,2016,annual,5137.0,Thousand VND,not_specified,E0535,https://www.nso.gov.vn/en/px-web?pxid=E0535&theme=Enterprise,source_reported_unharmonized
e0535_c9b3c38247,enterprises,Average compensation per month of employees in active enterprises having business outcomes by province,Total,VN_SRC_VINHLONG,Vinh Long,2017,annual,5139.0,Thousand VND,not_specified,E0535,https://www.nso.gov.vn/en/px-web?pxid=E0535&theme=Enterprise,source_reported_unharmonized
e0535_c9b3c38247,enterprises,Average compensation per month of employees in active enterprises having business outcomes by province,Total,VN_SRC_VINHLONG,Vinh Long,2018,annual,5784.41,Thousand VND,not_specified,E0535,https://www.nso.gov.vn/en/px-web?pxid=E0535&theme=Enterprise,source_reported_unharmonized
e0535_c9b3c38247,enterprises,Average compensation per month of employees in active enterprises having business outcomes by province,Total,VN_SRC_VINHLONG,Vinh Long,2019,annual,6330.05,Thousand VND,not_specified,E0535,https://www.nso.gov.vn/en/px-web?pxid=E0535&theme=Enterprise,source_reported_unharmonized
e0535_c9b3c38247,enterprises,Average compensation per month of employees in active enterprises having business outcomes by province,Total,VN_SRC_VINHLONG,Vinh Long,2020,annual,6568.99,Thousand VND,not_specified,E0535,https://www.nso.gov.vn/en/px-web?pxid=E0535&theme=Enterprise,source_reported_unharmonized
e0535_c9b3c38247,enterprises,Average compensation per month of employees in active enterprises having business outcomes by province,Total,VN_SRC_VINHLONG,Vinh Long,2021,annual,6629.48,Thousand VND,not_specified,E0535,https://www.nso.gov.vn/en/px-web?pxid=E0535&theme=Enterprise,source_reported_unharmonized
e0535_c9b3c38247,enterprises,Average compensation per month of employees in active enterprises having business outcomes by province,Total,VN_SRC_VINHLONG,Vinh Long,2022,annual,8711.03,Thousand VND,not_specified,E0535,https://www.nso.gov.vn/en/px-web?pxid=E0535&theme=Enterprise,source_reported_unharmonized
e0535_c9b3c38247,enterprises,Average compensation per month of employees in active enterprises having business outcomes by province,Total,VN_SRC_VINHLONG,Vinh Long,2023,annual,8869.79,Thousand VND,not_specified,E0535,https://www.nso.gov.vn/en/px-web?pxid=E0535&theme=Enterprise,source_reported_unharmonized
e0535_c9b3c38247,enterprises,Average compensation per month of employees in active enterprises having business outcomes by province,Total,VN_SRC_VINHLONG,Vinh Long,2024,annual,9492.62,Thousand VND,not_specified,E0535,https://www.nso.gov.vn/en/px-web?pxid=E0535&theme=Enterprise,source_reported_unharmonized
e0535_c9b3c38247,enterprises,Average compensation per month of employees in active enterprises having business outcomes by province,Total,VN_SRC_DONGTHAP,Dong Thap,2010,annual,2627.0,Thousand VND,not_specified,E0535,https://www.nso.gov.vn/en/px-web?pxid=E0535&theme=Enterprise,source_reported_unharmonized
e0535_c9b3c38247,enterprises,Average compensation per month of employees in active enterprises having business outcomes by province,Total,VN_SRC_DONGTHAP,Dong Thap,2015,annual,5125.0,Thousand VND,not_specified,E0535,https://www.nso.gov.vn/en/px-web?pxid=E0535&theme=Enterprise,source_reported_unharmonized
e0535_c9b3c38247,enterprises,Average compensation per month of employees in active enterprises having business outcomes by province,Total,VN_SRC_DONGTHAP,Dong Thap,2016,annual,5561.0,Thousand VND,not_specified,E0535,https://www.nso.gov.vn/en/px-web?pxid=E0535&theme=Enterprise,source_reported_unharmonized
e0535_c9b3c38247,enterprises,Average compensation per month of employees in active enterprises having business outcomes by province,Total,VN_SRC_DONGTHAP,Dong Thap,2017,annual,6599.0,Thousand VND,not_specified,E0535,https://www.nso.gov.vn/en/px-web?pxid=E0535&theme=Enterprise,source_reported_unharmonized
e0535_c9b3c38247,enterprises,Average compensation per month of employees in active enterprises having business outcomes by province,Total,VN_SRC_DONGTHAP,Dong Thap,2018,annual,6914.79,Thousand VND,not_specified,E0535,https://www.nso.gov.vn/en/px-web?pxid=E0535&theme=Enterprise,source_reported_unharmonized
e0535_c9b3c38247,enterprises,Average compensation per month of employees in active enterprises having business outcomes by province,Total,VN_SRC_DONGTHAP,Dong Thap,2019,annual,6852.39,Thousand VND,not_specified,E0535,https://www.nso.gov.vn/en/px-web?pxid=E0535&theme=Enterprise,source_reported_unharmonized
e0535_c9b3c38247,enterprises,Average compensation per month of employees in active enterprises having business outcomes by province,Total,VN_SRC_DONGTHAP,Dong Thap,2020,annual,7145.86,Thousand VND,not_specified,E0535,https://www.nso.gov.vn/en/px-web?pxid=E0535&theme=Enterprise,source_reported_unharmonized
e0535_c9b3c38247,enterprises,Average compensation per month of employees in active enterprises having business outcomes by province,Total,VN_SRC_DONGTHAP,Dong Thap,2021,annual,5992.3,Thousand VND,not_specified,E0535,https://www.nso.gov.vn/en/px-web?pxid=E0535&theme=Enterprise,source_reported_unharmonized
e0535_c9b3c38247,enterprises,Average compensation per month of employees in active enterprises having business outcomes by province,Total,VN_SRC_DONGTHAP,Dong Thap,2022,annual,7147.32,Thousand VND,not_specified,E0535,https://www.nso.gov.vn/en/px-web?pxid=E0535&theme=Enterprise,source_reported_unharmonized
e0535_c9b3c38247,enterprises,Average compensation per month of employees in active enterprises having business outcomes by province,Total,VN_SRC_DONGTHAP,Dong Thap,2023,annual,6690.33,Thousand VND,not_specified,E0535,https://www.nso.gov.vn/en/px-web?pxid=E0535&theme=Enterprise,source_reported_unharmonized
e0535_c9b3c38247,enterprises,Average compensation per month of employees in active enterprises having business outcomes by province,Total,VN_SRC_DONGTHAP,Dong Thap,2024,annual,6993.61,Thousand VND,not_specified,E0535,https://www.nso.gov.vn/en/px-web?pxid=E0535&theme=Enterprise,source_reported_unharmonized
e0535_c9b3c38247,enterprises,Average compensation per month of employees in active enterprises having business outcomes by province,Total,VN_SRC_ANGIANG,An Giang,2010,annual,3633.0,Thousand VND,not_specified,E0535,https://www.nso.gov.vn/en/px-web?pxid=E0535&theme=Enterprise,source_reported_unharmonized
e0535_c9b3c38247,enterprises,Average compensation per month of employees in active enterprises having business outcomes by province,Total,VN_SRC_ANGIANG,An Giang,2015,annual,5738.0,Thousand VND,not_specified,E0535,https://www.nso.gov.vn/en/px-web?pxid=E0535&theme=Enterprise,source_reported_unharmonized
e0535_c9b3c38247,enterprises,Average compensation per month of employees in active enterprises having business outcomes by province,Total,VN_SRC_ANGIANG,An Giang,2016,annual,5568.0,Thousand VND,not_specified,E0535,https://www.nso.gov.vn/en/px-web?pxid=E0535&theme=Enterprise,source_reported_unharmonized
e0535_c9b3c38247,enterprises,Average compensation per month of employees in active enterprises having business outcomes by province,Total,VN_SRC_ANGIANG,An Giang,2017,annual,5815.0,Thousand VND,not_specified,E0535,https://www.nso.gov.vn/en/px-web?pxid=E0535&theme=Enterprise,source_reported_unharmonized
e0535_c9b3c38247,enterprises,Average compensation per month of employees in active enterprises having business outcomes by province,Total,VN_SRC_ANGIANG,An Giang,2018,annual,6127.12,Thousand VND,not_specified,E0535,https://www.nso.gov.vn/en/px-web?pxid=E0535&theme=Enterprise,source_reported_unharmonized
e0535_c9b3c38247,enterprises,Average compensation per month of employees in active enterprises having business outcomes by province,Total,VN_SRC_ANGIANG,An Giang,2019,annual,6310.42,Thousand VND,not_specified,E0535,https://www.nso.gov.vn/en/px-web?pxid=E0535&theme=Enterprise,source_reported_unharmonized
e0535_c9b3c38247,enterprises,Average compensation per month of employees in active enterprises having business outcomes by province,Total,VN_SRC_ANGIANG,An Giang,2020,annual,6556.27,Thousand VND,not_specified,E0535,https://www.nso.gov.vn/en/px-web?pxid=E0535&theme=Enterprise,source_reported_unharmonized
e0535_c9b3c38247,enterprises,Average compensation per month of employees in active enterprises having business outcomes by province,Total,VN_SRC_ANGIANG,An Giang,2021,annual,6493.76,Thousand VND,not_specified,E0535,https://www.nso.gov.vn/en/px-web?pxid=E0535&theme=Enterprise,source_reported_unharmonized
e0535_c9b3c38247,enterprises,Average compensation per month of employees in active enterprises having business outcomes by province,Total,VN_SRC_ANGIANG,An Giang,2022,annual,7692.29,Thousand VND,not_specified,E0535,https://www.nso.gov.vn/en/px-web?pxid=E0535&theme=Enterprise,source_reported_unharmonized
e0535_c9b3c38247,enterprises,Average compensation per month of employees in active enterprises having business outcomes by province,Total,VN_SRC_ANGIANG,An Giang,2023,annual,7379.99,Thousand VND,not_specified,E0535,https://www.nso.gov.vn/en/px-web?pxid=E0535&theme=Enterprise,source_reported_unharmonized
e0535_c9b3c38247,enterprises,Average compensation per month of employees in active enterprises having business outcomes by province,Total,VN_SRC_ANGIANG,An Giang,2024,annual,8196.44,Thousand VND,not_specified,E0535,https://www.nso.gov.vn/en/px-web?pxid=E0535&theme=Enterprise,source_reported_unharmonized
e0535_c9b3c38247,enterprises,Average compensation per month of employees in active enterprises having business outcomes by province,Total,VN_SRC_KIENGIANG,Kien Giang,2010,annual,2699.0,Thousand VND,not_specified,E0535,https://www.nso.gov.vn/en/px-web?pxid=E0535&theme=Enterprise,source_reported_unharmonized
e0535_c9b3c38247,enterprises,Average compensation per month of employees in active enterprises having business outcomes by province,Total,VN_SRC_KIENGIANG,Kien Giang,2015,annual,5660.0,Thousand VND,not_specified,E0535,https://www.nso.gov.vn/en/px-web?pxid=E0535&theme=Enterprise,source_reported_unharmonized
e0535_c9b3c38247,enterprises,Average compensation per month of employees in active enterprises having business outcomes by province,Total,VN_SRC_KIENGIANG,Kien Giang,2016,annual,5308.0,Thousand VND,not_specified,E0535,https://www.nso.gov.vn/en/px-web?pxid=E0535&theme=Enterprise,source_reported_unharmonized
e0535_c9b3c38247,enterprises,Average compensation per month of employees in active enterprises having business outcomes by province,Total,VN_SRC_KIENGIANG,Kien Giang,2017,annual,6200.0,Thousand VND,not_specified,E0535,https://www.nso.gov.vn/en/px-web?pxid=E0535&theme=Enterprise,source_reported_unharmonized
e0535_c9b3c38247,enterprises,Average compensation per month of employees in active enterprises having business outcomes by province,Total,VN_SRC_KIENGIANG,Kien Giang,2018,annual,7101.16,Thousand VND,not_specified,E0535,https://www.nso.gov.vn/en/px-web?pxid=E0535&theme=Enterprise,source_reported_unharmonized
e0535_c9b3c38247,enterprises,Average compensation per month of employees in active enterprises having business outcomes by province,Total,VN_SRC_KIENGIANG,Kien Giang,2019,annual,7172.95,Thousand VND,not_specified,E0535,https://www.nso.gov.vn/en/px-web?pxid=E0535&theme=Enterprise,source_reported_unharmonized
e0535_c9b3c38247,enterprises,Average compensation per month of employees in active enterprises having business outcomes by province,Total,VN_SRC_KIENGIANG,Kien Giang,2020,annual,7611.64,Thousand VND,not_specified,E0535,https://www.nso.gov.vn/en/px-web?pxid=E0535&theme=Enterprise,source_reported_unharmonized
e0535_c9b3c38247,enterprises,Average compensation per month of employees in active enterprises having business outcomes by province,Total,VN_SRC_KIENGIANG,Kien Giang,2021,annual,7494.89,Thousand VND,not_specified,E0535,https://www.nso.gov.vn/en/px-web?pxid=E0535&theme=Enterprise,source_reported_unharmonized
e0535_c9b3c38247,enterprises,Average compensation per month of employees in active enterprises having business outcomes by province,Total,VN_SRC_KIENGIANG,Kien Giang,2022,annual,8069.25,Thousand VND,not_specified,E0535,https://www.nso.gov.vn/en/px-web?pxid=E0535&theme=Enterprise,source_reported_unharmonized
e0535_c9b3c38247,enterprises,Average compensation per month of employees in active enterprises having business outcomes by province,Total,VN_SRC_KIENGIANG,Kien Giang,2023,annual,8659.69,Thousand VND,not_specified,E0535,https://www.nso.gov.vn/en/px-web?pxid=E0535&theme=Enterprise,source_reported_unharmonized
e0535_c9b3c38247,enterprises,Average compensation per month of employees in active enterprises having business outcomes by province,Total,VN_SRC_KIENGIANG,Kien Giang,2024,annual,9149.53,Thousand VND,not_specified,E0535,https://www.nso.gov.vn/en/px-web?pxid=E0535&theme=Enterprise,source_reported_unharmonized
e0535_c9b3c38247,enterprises,Average compensation per month of employees in active enterprises having business outcomes by province,Total,VN_SRC_CANTHO,Can Tho,2010,annual,2825.0,Thousand VND,not_specified,E0535,https://www.nso.gov.vn/en/px-web?pxid=E0535&theme=Enterprise,source_reported_unharmonized
e0535_c9b3c38247,enterprises,Average compensation per month of employees in active enterprises having business outcomes by province,Total,VN_SRC_CANTHO,Can Tho,2015,annual,5416.0,Thousand VND,not_specified,E0535,https://www.nso.gov.vn/en/px-web?pxid=E0535&theme=Enterprise,source_reported_unharmonized
e0535_c9b3c38247,enterprises,Average compensation per month of employees in active enterprises having business outcomes by province,Total,VN_SRC_CANTHO,Can Tho,2016,annual,5850.0,Thousand VND,not_specified,E0535,https://www.nso.gov.vn/en/px-web?pxid=E0535&theme=Enterprise,source_reported_unharmonized
e0535_c9b3c38247,enterprises,Average compensation per month of employees in active enterprises having business outcomes by province,Total,VN_SRC_CANTHO,Can Tho,2017,annual,5602.0,Thousand VND,not_specified,E0535,https://www.nso.gov.vn/en/px-web?pxid=E0535&theme=Enterprise,source_reported_unharmonized
e0535_c9b3c38247,enterprises,Average compensation per month of employees in active enterprises having business outcomes by province,Total,VN_SRC_CANTHO,Can Tho,2018,annual,6383.25,Thousand VND,not_specified,E0535,https://www.nso.gov.vn/en/px-web?pxid=E0535&theme=Enterprise,source_reported_unharmonized
e0535_c9b3c38247,enterprises,Average compensation per month of employees in active enterprises having business outcomes by province,Total,VN_SRC_CANTHO,Can Tho,2019,annual,6474.31,Thousand VND,not_specified,E0535,https://www.nso.gov.vn/en/px-web?pxid=E0535&theme=Enterprise,source_reported_unharmonized
e0535_c9b3c38247,enterprises,Average compensation per month of employees in active enterprises having business outcomes by province,Total,VN_SRC_CANTHO,Can Tho,2020,annual,6968.59,Thousand VND,not_specified,E0535,https://www.nso.gov.vn/en/px-web?pxid=E0535&theme=Enterprise,source_reported_unharmonized
e0535_c9b3c38247,enterprises,Average compensation per month of employees in active enterprises having business outcomes by province,Total,VN_SRC_CANTHO,Can Tho,2021,annual,7217.67,Thousand VND,not_specified,E0535,https://www.nso.gov.vn/en/px-web?pxid=E0535&theme=Enterprise,source_reported_unharmonized
e0535_c9b3c38247,enterprises,Average compensation per month of employees in active enterprises having business outcomes by province,Total,VN_SRC_CANTHO,Can Tho,2022,annual,7773.43,Thousand VND,not_specified,E0535,https://www.nso.gov.vn/en/px-web?pxid=E0535&theme=Enterprise,source_reported_unharmonized
e0535_c9b3c38247,enterprises,Average compensation per month of employees in active enterprises having business outcomes by province,Total,VN_SRC_CANTHO,Can Tho,2023,annual,7640.39,Thousand VND,not_specified,E0535,https://www.nso.gov.vn/en/px-web?pxid=E0535&theme=Enterprise,source_reported_unharmonized
e0535_c9b3c38247,enterprises,Average compensation per month of employees in active enterprises having business outcomes by province,Total,VN_SRC_CANTHO,Can Tho,2024,annual,8740.81,Thousand VND,not_specified,E0535,https://www.nso.gov.vn/en/px-web?pxid=E0535&theme=Enterprise,source_reported_unharmonized
e0535_c9b3c38247,enterprises,Average compensation per month of employees in active enterprises having business outcomes by province,Total,VN_SRC_HAUGIANG,Hau Giang,2010,annual,3264.0,Thousand VND,not_specified,E0535,https://www.nso.gov.vn/en/px-web?pxid=E0535&theme=Enterprise,source_reported_unharmonized
e0535_c9b3c38247,enterprises,Average compensation per month of employees in active enterprises having business outcomes by province,Total,VN_SRC_HAUGIANG,Hau Giang,2015,annual,4824.0,Thousand VND,not_specified,E0535,https://www.nso.gov.vn/en/px-web?pxid=E0535&theme=Enterprise,source_reported_unharmonized
e0535_c9b3c38247,enterprises,Average compensation per month of employees in active enterprises having business outcomes by province,Total,VN_SRC_HAUGIANG,Hau Giang,2016,annual,4998.0,Thousand VND,not_specified,E0535,https://www.nso.gov.vn/en/px-web?pxid=E0535&theme=Enterprise,source_reported_unharmonized
e0535_c9b3c38247,enterprises,Average compensation per month of employees in active enterprises having business outcomes by province,Total,VN_SRC_HAUGIANG,Hau Giang,2017,annual,5759.0,Thousand VND,not_specified,E0535,https://www.nso.gov.vn/en/px-web?pxid=E0535&theme=Enterprise,source_reported_unharmonized
e0535_c9b3c38247,enterprises,Average compensation per month of employees in active enterprises having business outcomes by province,Total,VN_SRC_HAUGIANG,Hau Giang,2018,annual,5749.57,Thousand VND,not_specified,E0535,https://www.nso.gov.vn/en/px-web?pxid=E0535&theme=Enterprise,source_reported_unharmonized
e0535_c9b3c38247,enterprises,Average compensation per month of employees in active enterprises having business outcomes by province,Total,VN_SRC_HAUGIANG,Hau Giang,2019,annual,6027.42,Thousand VND,not_specified,E0535,https://www.nso.gov.vn/en/px-web?pxid=E0535&theme=Enterprise,source_reported_unharmonized
e0535_c9b3c38247,enterprises,Average compensation per month of employees in active enterprises having business outcomes by province,Total,VN_SRC_HAUGIANG,Hau Giang,2020,annual,6442.01,Thousand VND,not_specified,E0535,https://www.nso.gov.vn/en/px-web?pxid=E0535&theme=Enterprise,source_reported_unharmonized
e0535_c9b3c38247,enterprises,Average compensation per month of employees in active enterprises having business outcomes by province,Total,VN_SRC_HAUGIANG,Hau Giang,2021,annual,6195.29,Thousand VND,not_specified,E0535,https://www.nso.gov.vn/en/px-web?pxid=E0535&theme=Enterprise,source_reported_unharmonized
e0535_c9b3c38247,enterprises,Average compensation per month of employees in active enterprises having business outcomes by province,Total,VN_SRC_HAUGIANG,Hau Giang,2022,annual,7705.94,Thousand VND,not_specified,E0535,https://www.nso.gov.vn/en/px-web?pxid=E0535&theme=Enterprise,source_reported_unharmonized
e0535_c9b3c38247,enterprises,Average compensation per month of employees in active enterprises having business outcomes by province,Total,VN_SRC_HAUGIANG,Hau Giang,2023,annual,7033.13,Thousand VND,not_specified,E0535,https://www.nso.gov.vn/en/px-web?pxid=E0535&theme=Enterprise,source_reported_unharmonized
e0535_c9b3c38247,enterprises,Average compensation per month of employees in active enterprises having business outcomes by province,Total,VN_SRC_HAUGIANG,Hau Giang,2024,annual,7987.62,Thousand VND,not_specified,E0535,https://www.nso.gov.vn/en/px-web?pxid=E0535&theme=Enterprise,source_reported_unharmonized
e0535_c9b3c38247,enterprises,Average compensation per month of employees in active enterprises having business outcomes by province,Total,VN_SRC_SOCTRANG,Soc Trang,2010,annual,2325.0,Thousand VND,not_specified,E0535,https://www.nso.gov.vn/en/px-web?pxid=E0535&theme=Enterprise,source_reported_unharmonized
e0535_c9b3c38247,enterprises,Average compensation per month of employees in active enterprises having business outcomes by province,Total,VN_SRC_SOCTRANG,Soc Trang,2015,annual,4951.0,Thousand VND,not_specified,E0535,https://www.nso.gov.vn/en/px-web?pxid=E0535&theme=Enterprise,source_reported_unharmonized
e0535_c9b3c38247,enterprises,Average compensation per month of employees in active enterprises having business outcomes by province,Total,VN_SRC_SOCTRANG,Soc Trang,2016,annual,5021.0,Thousand VND,not_specified,E0535,https://www.nso.gov.vn/en/px-web?pxid=E0535&theme=Enterprise,source_reported_unharmonized
e0535_c9b3c38247,enterprises,Average compensation per month of employees in active enterprises having business outcomes by province,Total,VN_SRC_SOCTRANG,Soc Trang,2017,annual,6071.0,Thousand VND,not_specified,E0535,https://www.nso.gov.vn/en/px-web?pxid=E0535&theme=Enterprise,source_reported_unharmonized
e0535_c9b3c38247,enterprises,Average compensation per month of employees in active enterprises having business outcomes by province,Total,VN_SRC_SOCTRANG,Soc Trang,2018,annual,7097.31,Thousand VND,not_specified,E0535,https://www.nso.gov.vn/en/px-web?pxid=E0535&theme=Enterprise,source_reported_unharmonized
e0535_c9b3c38247,enterprises,Average compensation per month of employees in active enterprises having business outcomes by province,Total,VN_SRC_SOCTRANG,Soc Trang,2019,annual,7134.65,Thousand VND,not_specified,E0535,https://www.nso.gov.vn/en/px-web?pxid=E0535&theme=Enterprise,source_reported_unharmonized
e0535_c9b3c38247,enterprises,Average compensation per month of employees in active enterprises having business outcomes by province,Total,VN_SRC_SOCTRANG,Soc Trang,2020,annual,6822.94,Thousand VND,not_specified,E0535,https://www.nso.gov.vn/en/px-web?pxid=E0535&theme=Enterprise,source_reported_unharmonized
e0535_c9b3c38247,enterprises,Average compensation per month of employees in active enterprises having business outcomes by province,Total,VN_SRC_SOCTRANG,Soc Trang,2021,annual,6085.66,Thousand VND,not_specified,E0535,https://www.nso.gov.vn/en/px-web?pxid=E0535&theme=Enterprise,source_reported_unharmonized
e0535_c9b3c38247,enterprises,Average compensation per month of employees in active enterprises having business outcomes by province,Total,VN_SRC_SOCTRANG,Soc Trang,2022,annual,5998.51,Thousand VND,not_specified,E0535,https://www.nso.gov.vn/en/px-web?pxid=E0535&theme=Enterprise,source_reported_unharmonized
e0535_c9b3c38247,enterprises,Average compensation per month of employees in active enterprises having business outcomes by province,Total,VN_SRC_SOCTRANG,Soc Trang,2023,annual,5573.11,Thousand VND,not_specified,E0535,https://www.nso.gov.vn/en/px-web?pxid=E0535&theme=Enterprise,source_reported_unharmonized
e0535_c9b3c38247,enterprises,Average compensation per month of employees in active enterprises having business outcomes by province,Total,VN_SRC_SOCTRANG,Soc Trang,2024,annual,6974.26,Thousand VND,not_specified,E0535,https://www.nso.gov.vn/en/px-web?pxid=E0535&theme=Enterprise,source_reported_unharmonized
e0535_c9b3c38247,enterprises,Average compensation per month of employees in active enterprises having business outcomes by province,Total,VN_SRC_BACLIEU,Bac Lieu,2010,annual,1897.0,Thousand VND,not_specified,E0535,https://www.nso.gov.vn/en/px-web?pxid=E0535&theme=Enterprise,source_reported_unharmonized
e0535_c9b3c38247,enterprises,Average compensation per month of employees in active enterprises having business outcomes by province,Total,VN_SRC_BACLIEU,Bac Lieu,2015,annual,3937.0,Thousand VND,not_specified,E0535,https://www.nso.gov.vn/en/px-web?pxid=E0535&theme=Enterprise,source_reported_unharmonized
e0535_c9b3c38247,enterprises,Average compensation per month of employees in active enterprises having business outcomes by province,Total,VN_SRC_BACLIEU,Bac Lieu,2016,annual,4719.0,Thousand VND,not_specified,E0535,https://www.nso.gov.vn/en/px-web?pxid=E0535&theme=Enterprise,source_reported_unharmonized
e0535_c9b3c38247,enterprises,Average compensation per month of employees in active enterprises having business outcomes by province,Total,VN_SRC_BACLIEU,Bac Lieu,2017,annual,4174.0,Thousand VND,not_specified,E0535,https://www.nso.gov.vn/en/px-web?pxid=E0535&theme=Enterprise,source_reported_unharmonized
e0535_c9b3c38247,enterprises,Average compensation per month of employees in active enterprises having business outcomes by province,Total,VN_SRC_BACLIEU,Bac Lieu,2018,annual,5260.53,Thousand VND,not_specified,E0535,https://www.nso.gov.vn/en/px-web?pxid=E0535&theme=Enterprise,source_reported_unharmonized
e0535_c9b3c38247,enterprises,Average compensation per month of employees in active enterprises having business outcomes by province,Total,VN_SRC_BACLIEU,Bac Lieu,2019,annual,5641.94,Thousand VND,not_specified,E0535,https://www.nso.gov.vn/en/px-web?pxid=E0535&theme=Enterprise,source_reported_unharmonized
e0535_c9b3c38247,enterprises,Average compensation per month of employees in active enterprises having business outcomes by province,Total,VN_SRC_BACLIEU,Bac Lieu,2020,annual,5781.58,Thousand VND,not_specified,E0535,https://www.nso.gov.vn/en/px-web?pxid=E0535&theme=Enterprise,source_reported_unharmonized
e0535_c9b3c38247,enterprises,Average compensation per month of employees in active enterprises having business outcomes by province,Total,VN_SRC_BACLIEU,Bac Lieu,2021,annual,6182.26,Thousand VND,not_specified,E0535,https://www.nso.gov.vn/en/px-web?pxid=E0535&theme=Enterprise,source_reported_unharmonized
e0535_c9b3c38247,enterprises,Average compensation per month of employees in active enterprises having business outcomes by province,Total,VN_SRC_BACLIEU,Bac Lieu,2022,annual,6464.67,Thousand VND,not_specified,E0535,https://www.nso.gov.vn/en/px-web?pxid=E0535&theme=Enterprise,source_reported_unharmonized
e0535_c9b3c38247,enterprises,Average compensation per month of employees in active enterprises having business outcomes by province,Total,VN_SRC_BACLIEU,Bac Lieu,2023,annual,7099.38,Thousand VND,not_specified,E0535,https://www.nso.gov.vn/en/px-web?pxid=E0535&theme=Enterprise,source_reported_unharmonized
e0535_c9b3c38247,enterprises,Average compensation per month of employees in active enterprises having business outcomes by province,Total,VN_SRC_BACLIEU,Bac Lieu,2024,annual,7128.69,Thousand VND,not_specified,E0535,https://www.nso.gov.vn/en/px-web?pxid=E0535&theme=Enterprise,source_reported_unharmonized
e0535_c9b3c38247,enterprises,Average compensation per month of employees in active enterprises having business outcomes by province,Total,VN_SRC_CAMAU,Ca Mau,2010,annual,2815.0,Thousand VND,not_specified,E0535,https://www.nso.gov.vn/en/px-web?pxid=E0535&theme=Enterprise,source_reported_unharmonized
e0535_c9b3c38247,enterprises,Average compensation per month of employees in active enterprises having business outcomes by province,Total,VN_SRC_CAMAU,Ca Mau,2015,annual,5628.0,Thousand VND,not_specified,E0535,https://www.nso.gov.vn/en/px-web?pxid=E0535&theme=Enterprise,source_reported_unharmonized
e0535_c9b3c38247,enterprises,Average compensation per month of employees in active enterprises having business outcomes by province,Total,VN_SRC_CAMAU,Ca Mau,2016,annual,6197.0,Thousand VND,not_specified,E0535,https://www.nso.gov.vn/en/px-web?pxid=E0535&theme=Enterprise,source_reported_unharmonized
e0535_c9b3c38247,enterprises,Average compensation per month of employees in active enterprises having business outcomes by province,Total,VN_SRC_CAMAU,Ca Mau,2017,annual,6843.0,Thousand VND,not_specified,E0535,https://www.nso.gov.vn/en/px-web?pxid=E0535&theme=Enterprise,source_reported_unharmonized
e0535_c9b3c38247,enterprises,Average compensation per month of employees in active enterprises having business outcomes by province,Total,VN_SRC_CAMAU,Ca Mau,2018,annual,7002.66,Thousand VND,not_specified,E0535,https://www.nso.gov.vn/en/px-web?pxid=E0535&theme=Enterprise,source_reported_unharmonized
e0535_c9b3c38247,enterprises,Average compensation per month of employees in active enterprises having business outcomes by province,Total,VN_SRC_CAMAU,Ca Mau,2019,annual,7004.95,Thousand VND,not_specified,E0535,https://www.nso.gov.vn/en/px-web?pxid=E0535&theme=Enterprise,source_reported_unharmonized
e0535_c9b3c38247,enterprises,Average compensation per month of employees in active enterprises having business outcomes by province,Total,VN_SRC_CAMAU,Ca Mau,2020,annual,6758.51,Thousand VND,not_specified,E0535,https://www.nso.gov.vn/en/px-web?pxid=E0535&theme=Enterprise,source_reported_unharmonized
e0535_c9b3c38247,enterprises,Average compensation per month of employees in active enterprises having business outcomes by province,Total,VN_SRC_CAMAU,Ca Mau,2021,annual,7860.64,Thousand VND,not_specified,E0535,https://www.nso.gov.vn/en/px-web?pxid=E0535&theme=Enterprise,source_reported_unharmonized
e0535_c9b3c38247,enterprises,Average compensation per month of employees in active enterprises having business outcomes by province,Total,VN_SRC_CAMAU,Ca Mau,2022,annual,8969.02,Thousand VND,not_specified,E0535,https://www.nso.gov.vn/en/px-web?pxid=E0535&theme=Enterprise,source_reported_unharmonized
e0535_c9b3c38247,enterprises,Average compensation per month of employees in active enterprises having business outcomes by province,Total,VN_SRC_CAMAU,Ca Mau,2023,annual,8535.98,Thousand VND,not_specified,E0535,https://www.nso.gov.vn/en/px-web?pxid=E0535&theme=Enterprise,source_reported_unharmonized
e0535_c9b3c38247,enterprises,Average compensation per month of employees in active enterprises having business outcomes by province,Total,VN_SRC_CAMAU,Ca Mau,2024,annual,9000.49,Thousand VND,not_specified,E0535,https://www.nso.gov.vn/en/px-web?pxid=E0535&theme=Enterprise,source_reported_unharmonized
